      22068.3      1.00434
      22068.4     0.966431
      22068.5     0.973800
      22068.6     0.985039
      22068.7      1.00324
      22068.9      1.01624
      22069.0      1.02965
      22069.1      1.02270
      22069.2      1.02654
      22069.3      1.02829
      22069.4      1.02666
      22069.5      1.01455
      22069.6      1.00312
      22069.7     0.973554
      22069.8     0.958864
      22069.9     0.936849
      22070.0     0.928129
      22070.1     0.917631
      22070.2     0.926282
      22070.3     0.929051
      22070.4     0.945386
      22070.5     0.949585
      22070.7     0.953309
      22070.8     0.951393
      22070.9     0.940723
      22071.0     0.926340
      22071.1     0.900714
      22071.2     0.886424
      22071.3     0.882599
      22071.4     0.903727
      22071.5     0.915554
      22071.6     0.919415
      22071.7     0.927430
      22071.8     0.950457
      22071.9     0.947633
      22072.0     0.944008
      22072.1     0.962113
      22072.2     0.980673
      22072.4     0.985906
      22072.5     0.983150
      22072.6     0.988513
      22072.7     0.984005
      22072.8     0.981025
      22072.9     0.957722
      22073.0     0.943945
      22073.1     0.933804
      22073.2     0.945443
      22073.3     0.958315
      22073.4     0.961788
      22073.5     0.974229
      22073.6     0.980156
      22073.7     0.989415
      22073.9      1.00149
      22074.0      1.00936
      22074.1     0.997459
      22074.2     0.998037
      22074.3     0.987456
      22074.4     0.984832
      22074.5     0.993104
      22074.6     0.982553
      22074.7     0.974639
      22074.8     0.967334
      22074.9     0.965178
      22075.0     0.962157
      22075.1     0.957438
      22075.2     0.952058
      22075.4     0.962921
      22075.5     0.957568
      22075.6     0.961117
      22075.7     0.966232
      22075.8     0.982677
      22075.9     0.984823
      22076.0     0.983149
      22076.1     0.965353
      22076.2     0.976261
      22076.3     0.960754
      22076.4     0.945876
      22076.5     0.939600
      22076.6     0.931416
      22076.8     0.930891
      22076.9     0.949514
      22077.0     0.962854
      22077.1     0.956932
      22077.2     0.965458
      22077.3     0.966892
      22077.4     0.967570
      22077.5     0.958272
      22077.6     0.954436
      22077.7     0.942914
      22077.8     0.931739
      22077.9     0.930398
      22078.1     0.940884
      22078.2     0.952945
      22078.3     0.953389
      22078.4     0.940945
      22078.5     0.931754
      22078.6     0.928886
      22078.7     0.929944
      22078.8     0.938328
      22078.9     0.957710
      22079.0     0.965943
      22079.1     0.971152
      22079.2     0.965299
      22079.4     0.974450
      22079.5     0.990510
      22079.6     0.973759
      22079.7     0.959549
      22079.8     0.955645
      22079.9     0.951941
      22080.0     0.940063
      22080.1     0.938960
      22080.2     0.951458
      22080.3     0.948551
      22080.4     0.938831
      22080.6     0.935517
      22080.7     0.922494
      22080.8     0.926480
      22080.9     0.911815
      22081.0     0.894444
      22081.1     0.876890
      22081.2     0.863172
      22081.3     0.868524
      22081.4     0.875010
      22081.5     0.872023
      22081.6     0.879717
      22081.8     0.865558
      22081.9     0.848772
      22082.0     0.834301
      22082.1     0.822185
      22082.2     0.811714
      22082.3     0.803726
      22082.4     0.781934
      22082.5     0.768309
      22082.6     0.747387
      22082.7     0.741030
      22082.9     0.715874
      22083.0     0.722422
      22083.1     0.704666
      22083.2     0.700965
      22083.3     0.706356
      22083.4     0.730874
      22083.5     0.743843
      22083.6     0.768211
      22083.7     0.761903
      22083.8     0.748635
      22084.0     0.737914
      22084.1     0.714190
      22084.2     0.707558
      22084.3     0.708426
      22084.4     0.709286
      22084.5     0.724293
      22084.6     0.732568
      22084.7     0.747820
      22084.8     0.777589
      22084.9     0.793758
      22085.1     0.803672
      22085.2     0.829320
      22085.3     0.842673
      22085.4     0.858117
      22085.5     0.870885
      22085.6     0.884520
      22085.7     0.893401
      22085.8     0.897555
      22085.9     0.900939
      22086.1     0.902597
      22086.2     0.908584
      22086.3     0.910390
      22086.4     0.915838
      22086.5     0.916501
      22086.6     0.918011
      22086.7     0.924060
      22086.8     0.927708
      22086.9     0.929126
      22087.1     0.937533
      22087.2     0.956554
      22087.3     0.944426
      22087.4     0.954850
      22087.5     0.964181
      22087.6     0.958215
      22087.7     0.963903
      22087.8     0.962016
      22087.9     0.970512
      22088.1     0.967818
      22088.2     0.964413
      22088.3     0.973018
      22088.4     0.978724
      22088.5     0.983167
      22088.6     0.977168
      22088.7     0.972185
      22088.8     0.963451
      22088.9     0.965989
      22089.1     0.972600
      22089.2     0.966591
      22089.3     0.978472
      22089.4     0.965175
      22089.5     0.964093
      22089.6     0.951033
      22089.7     0.942344
      22089.8     0.937848
      22090.0     0.927429
      22090.1     0.959970
      22090.2     0.977547
      22090.3     0.971592
      22090.4     0.983968
      22090.5     0.978145
      22090.6     0.971046
      22090.7     0.965136
      22090.8     0.960174
      22091.0     0.969725
      22091.1     0.970920
      22091.2     0.978710
      22091.3     0.965772
      22091.4     0.972956
      22091.5     0.967023
      22091.6     0.962835
      22091.7     0.961017
      22091.9     0.962458
      22092.0     0.978063
      22092.1     0.994347
      22092.2     0.993053
      22092.3     0.988723
      22092.4     0.994775
      22092.5     0.990810
      22092.6     0.992109
      22092.8     0.978600
      22092.9     0.956264
      22093.0     0.956496
      22093.1     0.979596
      22093.2     0.979462
      22093.3     0.997891
      22093.4      1.00411
      22093.5     0.989261
      22093.7     0.980131
      22093.8     0.962963
      22093.9     0.958445
      22094.0     0.943748
      22094.1     0.951912
      22094.2     0.936389
      22094.3     0.946089
      22094.4     0.953930
      22094.6     0.973370
      22094.7     0.982527
      22094.8     0.985249
      22094.9     0.984845
      22095.0     0.990375
      22095.1     0.988289
      22095.2     0.998484
      22095.4     0.984435
      22095.4     0.984366
      22095.5     0.977889
      22095.7     0.990098
      22095.8     0.982763
      22095.9     0.997750
      22096.0     0.992024
      22096.1     0.991633
      22096.3     0.983492
      22096.4     0.977702
      22096.5     0.979726
      22096.6     0.988624
      22096.7     0.998156
      22096.8      1.02884
      22096.9      1.02369
      22097.1     0.988721
      22097.2     0.936593
      22097.3     0.920661
      22097.3     0.931664
      22097.4     0.944561
      22097.6     0.979508
      22097.7     0.999010
      22097.8      1.00227
      22098.0      1.00125
      22098.1     0.994624
      22098.2     0.996696
      22098.3     0.994239
      22098.4      1.00251
      22098.5     0.996045
      22098.6     0.998777
      22098.8     0.978262
      22098.9     0.963557
      22098.9     0.942176
      22099.0     0.937292
      22099.2     0.950972
      22099.3     0.962171
      22099.3     0.957106
      22099.6     0.968734
      22099.7     0.983225
      22099.8     0.982148
      22099.9     0.975168
      22100.0     0.959425
      22100.1     0.945901
      22100.2     0.953655
      22100.4     0.958564
      22100.5     0.971172
      22100.6     0.977587
      22100.7     0.983768
      22100.8     0.994627
      22100.9     0.994154
      22100.9     0.988680
      22101.2     0.994454
      22101.3     0.985994
      22101.3     0.997547
      22101.5     0.970231
      22101.6     0.974545
      22101.7     0.979659
      22101.8      1.00055
      22102.0     0.991956
      22102.1     0.984666
      22102.2     0.966094
      22102.3     0.985856
      22102.4     0.996765
      22102.4     0.994771
      22102.5     0.991138
      22102.7     0.972384
      22102.8     0.960183
      22102.9     0.974411
      22103.0     0.986002
      22103.1     0.996063
      22103.2      1.00020
      22103.3     0.994733
      22103.5     0.988568
      22103.6      1.00077
      22103.8      1.00338
      22103.9     0.997292
      22103.9     0.989744
      22104.1     0.982823
      22104.2     0.977515
      22104.3     0.976194
      22104.4     0.966488
      22104.5     0.967981
      22104.6     0.969859
      22104.7     0.965985
      22104.8     0.962142
      22105.0     0.975813
      22105.1     0.957551
      22105.3     0.953462
      22105.3     0.952697
      22105.4     0.955399
      22105.5     0.977903
      22105.8     0.987709
      22105.9     0.970196
      22105.9     0.946869
      22106.0     0.926644
      22106.1     0.919776
      22106.2     0.913222
      22106.3     0.922972
      22106.5     0.930095
      22106.6     0.944368
      22106.7     0.940776
      22106.9     0.953084
      22106.9     0.960578
      22107.0     0.970827
      22107.3     0.974772
      22107.3     0.980018
      22107.4     0.969547
      22107.6     0.988762
      22107.7     0.972468
      22107.7     0.959488
      22107.8     0.948390
      22108.0     0.963456
      22108.1     0.982864
      22108.2     0.984644
      22108.3     0.984126
      22108.4     0.973219
      22108.5     0.977478
      22108.8     0.964640
      22108.9     0.962376
      22108.9     0.978123
      22109.0     0.964151
      22109.2     0.966099
      22109.3     0.967915
      22109.4     0.974328
      22109.5     0.980791
      22109.6     0.986008
      22109.7     0.980669
      22109.8     0.977022
      22109.9     0.978732
      22110.0     0.981288
      22110.2     0.971275
      22110.3     0.960948
      22110.4     0.932633
      22110.5     0.924577
      22110.6     0.918753
      22110.7     0.939501
      22110.9     0.950778
      22111.0     0.952061
      22111.1     0.950852
      22111.2     0.970988
      22111.3     0.967933
      22111.4     0.972051
      22111.6     0.964472
      22111.7     0.962730
      22111.8     0.937663
      22111.9     0.948433
      22112.0     0.959061
      22112.1     0.961806
      22112.3     0.960777
      22112.4     0.971049
      22112.5     0.979353
      22112.6     0.977870
      22112.7     0.996899
      22112.8      1.00658
      22113.0      1.03232
      22113.1      1.01434
      22113.2      1.00013
      22113.3      1.00450
      22113.4     0.988944
      22113.5     0.972346
      22113.7     0.980245
      22113.8      1.00332
      22113.9      1.00516
      22114.0      1.01767
      22114.1      1.00641
      22114.2      1.00610
      22114.4     0.992478
      22114.5     0.991617
      22114.6     0.984668
      22114.7     0.993516
      22114.8     0.991156
      22114.9      1.00469
      22115.1      1.00654
      22115.2      1.00320
      22115.3      1.00136
      22115.4     0.998028
      22115.5     0.989249
      22115.6     0.981660
      22115.8     0.974151
      22115.9     0.968076
      22116.0     0.976190
      22116.1     0.984691
      22116.2     0.982503
      22116.3     0.988051
      22116.5      1.00013
      22116.6      1.01001
      22116.7     0.999601
      22116.8      1.00589
      22116.9     0.995085
      22117.0      1.00443
      22117.2     0.990657
      22117.3      1.00126
      22117.4     0.992957
      22117.5      1.00221
      22117.6     0.997732
      22117.7     0.996066
      22117.9     0.977749
      22118.0     0.988283
      22118.1     0.984266
      22118.2     0.991327
      22118.3     0.978448
      22118.4     0.970369
      22118.6     0.942730
      22118.7     0.924556
      22118.8     0.935480
      22118.9     0.976703
      22119.0     0.981629
      22119.2     0.989519
      22119.3      1.00202
      22119.4     0.999424
      22119.5      1.00515
      22119.6     0.992041
      22119.7     0.969699
      22119.9     0.970717
      22120.0     0.976395
      22120.1     0.978093
      22120.2     0.979428
      22120.3     0.980073
      22120.4     0.967159
      22120.6     0.948339
      22120.7     0.943299
      22120.8     0.952625
      22120.9     0.968833
      22121.0     0.989518
      22121.1     0.994282
      22121.3     0.982387
      22121.4     0.974893
      22121.5     0.977493
      22121.6     0.984284
      22121.7     0.983504
      22121.9     0.974545
      22122.0     0.976492
      22122.1     0.965456
      22122.2     0.990295
      22122.3     0.983895
      22122.4     0.998495
      22122.6     0.988172
      22122.7     0.993306
      22122.8     0.978765
      22122.9     0.988080
      22123.0     0.977745
      22123.1     0.961179
      22123.3     0.951289
      22123.4     0.946497
      22123.5     0.947890
      22123.6     0.962890
      22123.7     0.974104
      22123.9     0.990191
      22124.0     0.992924
      22124.1     0.992457
      22124.2     0.986739
      22124.3     0.976307
      22124.4     0.973482
      22124.6     0.984466
      22124.7     0.976596
      22124.8     0.980875
      22124.9     0.976450
      22125.0     0.965993
      22125.1     0.939879
      22125.3     0.936943
      22125.4     0.945895
      22125.5     0.955935
      22125.6     0.958763
      22125.7     0.971186
      22125.9     0.957150
      22126.0     0.965289
      22126.1     0.963128
      22126.2     0.969717
      22126.3     0.971239
      22126.4     0.955560
      22126.6     0.964486
      22126.7     0.985687
      22126.8     0.989873
      22126.9     0.997366
      22127.0     0.990605
      22127.2      1.00121
      22127.3     0.990617
      22127.4     0.985519
      22127.5     0.969173
      22127.6     0.965331
      22127.7     0.982350
      22127.9      1.00226
      22128.0     0.983317
      22128.1     0.995927
      22128.2     0.991107
      22128.3     0.974429
      22128.4     0.967707
      22128.6     0.966655
      22128.7     0.993602
      22128.8     0.998238
      22128.9     0.991381
      22129.0     0.993182
      22129.2     0.985156
      22129.3     0.973313
      22129.4     0.967539
      22129.5     0.980829
      22129.6     0.980045
      22129.7     0.995502
      22129.9     0.983968
      22130.0     0.982450
      22130.1     0.988476
      22130.2      1.00037
      22130.3     0.988446
      22130.5     0.983415
      22130.6     0.995293
      22130.7     0.989624
      22130.8     0.966347
      22130.9     0.948797
      22131.0     0.943017
      22131.2     0.950454
      22131.3     0.970156
      22131.4      1.00676
      22131.5      1.00693
      22131.6      1.01203
      22131.8     0.998217
      22131.9     0.994690
      22132.0     0.967283
      22132.1     0.971699
      22132.2     0.977111
      22132.3     0.993143
      22132.5     0.989390
      22132.6      1.01159
      22132.7     0.991863
      22132.8     0.984509
      22132.9     0.961882
      22133.1     0.957877
      22133.2     0.960058
      22133.3     0.967495
      22133.4     0.966653
      22133.5     0.982165
      22133.6     0.973972
      22133.8      1.00586
      22133.9      1.00646
      22134.0      1.01309
      22134.1      1.00699
      22134.2      1.00950
      22134.4     0.996067
      22134.5     0.997843
      22134.6     0.981629
      22134.7     0.987444
      22134.8     0.983902
      22134.9     0.976151
      22135.1     0.985384
      22135.2     0.985528
      22135.3     0.995041
      22135.4     0.996537
      22135.5     0.994601
      22135.7     0.997972
      22135.8     0.992578
      22135.9     0.993743
      22136.0     0.992269
      22136.1     0.994506
      22136.2     0.995572
      22136.4     0.990359
      22136.5     0.996248
      22136.6      1.00018
      22136.7     0.995940
      22136.8     0.982206
      22137.0     0.961048
      22137.1     0.975706
      22137.2     0.991747
      22137.3     0.999376
      22137.4     0.985156
      22137.5     0.987660
      22137.7     0.966464
      22137.8     0.968647
      22137.9     0.964317
      22138.0     0.984997
      22138.1     0.985155
      22138.3     0.993293
      22138.4     0.976528
      22138.5     0.988810
      22138.6     0.986537
      22138.7     0.992835
      22138.8     0.995876
      22139.0     0.994344
      22139.1     0.975228
      22139.2     0.973873
      22139.3     0.952442
      22139.4     0.959048
      22139.6     0.960937
      22139.7     0.958250
      22139.8     0.963035
      22139.9     0.975782
      22140.0     0.982798
      22140.1     0.987961
      22140.3     0.983901
      22140.4     0.992907
      22140.5     0.984326
      22140.6     0.985514
      22140.7     0.969816
      22140.9     0.956482
      22141.0     0.944923
      22141.1     0.948907
      22141.2     0.981142
      22141.3      1.00727
      22141.4      1.01651
      22141.6      1.00902
      22141.7      1.00112
      22141.8     0.998204
      22141.9     0.980068
      22142.0     0.963260
      22142.2     0.947240
      22142.3     0.960975
      22142.4     0.992745
      22142.5      1.01192
      22142.6     0.995139
      22142.7     0.985619
      22142.9     0.991399
      22143.0     0.984367
      22143.1     0.988593
      22143.2     0.977234
      22143.3     0.962706
      22143.4     0.977430
      22143.6     0.985318
      22143.7     0.999816
      22143.8     0.997948
      22143.9     0.998103
      22144.0     0.986686
      22144.2     0.978720
      22144.3     0.971108
      22144.4     0.979589
      22144.5     0.986161
      22144.6     0.997466
      22144.7     0.995843
      22144.9     0.992706
      22145.0     0.981554
      22145.1     0.975975
      22145.2     0.962306
      22145.3     0.960504
      22145.5     0.957274
      22145.6     0.972254
      22145.7     0.986571
      22145.8     0.996146
      22145.9     0.983187
      22146.0     0.968190
      22146.2     0.954690
      22146.3     0.965117
      22146.4     0.958241
      22146.5     0.972723
      22146.6     0.975788
      22146.8     0.972573
      22146.9     0.980951
      22147.0     0.988423
      22147.1     0.984808
      22147.2     0.991296
      22147.3     0.986270
      22147.5     0.997951
      22147.6     0.992520
      22147.7      1.00457
      22147.8     0.992092
      22147.9     0.982125
      22148.0     0.956015
      22148.2     0.941530
      22148.3     0.936412
      22148.4     0.958235
      22148.5     0.983614
      22148.6     0.985529
      22148.8     0.991608
      22148.9     0.990548
      22149.0     0.980110
      22149.1     0.965119
      22149.2     0.955002
      22149.3     0.959749
      22149.5     0.963539
      22149.6     0.979713
      22149.7     0.965305
      22149.8     0.960730
      22149.9     0.946130
      22150.0     0.945427
      22150.2     0.949533
      22150.3     0.968477
      22150.4     0.988178
      22150.5     0.994663
      22150.6     0.986861
      22150.8     0.970632
      22150.9     0.966698
      22151.0     0.988938
      22151.1     0.995729
      22151.2     0.990776
      22151.3     0.976090
      22151.5     0.954587
      22151.6     0.954178
      22151.7     0.968017
      22151.8     0.977543
      22151.9     0.986272
      22152.0     0.978004
      22152.2     0.972405
      22152.3     0.951383
      22152.4     0.937156
      22152.5     0.944537
      22152.6     0.972544
      22152.7     0.967287
      22152.9     0.977079
      22153.0     0.983820
      22153.1     0.989704
      22153.2     0.997044
      22153.3     0.967268
      22153.5     0.957163
      22153.6     0.964286
      22153.7     0.969279
      22153.8     0.985749
      22153.9     0.990228
      22154.0      1.00005
      22154.2     0.998700
      22154.3     0.996684
      22154.4     0.982485
      22154.5     0.975911
      22154.6     0.959709
      22154.7     0.974798
      22154.9     0.972002
      22155.0     0.980619
      22155.1     0.982171
      22155.2     0.979814
      22155.3     0.987075
      22155.4     0.972920
      22155.6     0.957164
      22155.7     0.946950
      22155.8     0.956711
      22155.9     0.977865
      22156.0     0.980133
      22156.1     0.958306
      22156.3     0.939740
      22156.4     0.941635
      22156.5     0.926339
      22156.6     0.937352
      22156.7     0.958989
      22156.8     0.965949
      22157.0     0.968973
      22157.1     0.952819
      22157.2     0.932758
      22157.3     0.929039
      22157.4     0.944071
      22157.5     0.971847
      22157.7     0.981881
      22157.8     0.992153
      22157.9      1.00000
      22158.0     0.995114
      22158.1     0.969937
      22158.2     0.964418
      22158.4     0.986016
      22158.5     0.999979
      22158.6      1.00435
      22158.7      1.00023
      22158.8      1.00227
      22158.9      1.00157
      22159.1     0.994362
      22159.2      1.00228
      22159.3     0.999931
      22159.4      1.00094
      22159.5      1.00256
      22159.6     0.998843
      22159.8     0.944309
      22159.9     0.954283
      22160.0     0.960000
      22160.1     0.948715
      22160.2     0.939235
      22160.3     0.941244
      22160.5     0.934264
      22160.6     0.931449
      22160.7     0.920701
      22160.8     0.932709
      22160.9     0.938647
      22161.0     0.947482
      22161.2     0.941305
      22161.3     0.946608
      22161.4     0.955205
      22161.5     0.960233
      22161.6     0.963476
      22161.7     0.964023
      22161.9     0.958737
      22162.0     0.942115
      22162.1     0.960084
      22162.2     0.968780
      22162.3     0.980453
      22162.4     0.993850
      22162.6     0.991553
      22162.7     0.992186
      22162.8     0.981063
      22162.9     0.981485
      22163.0     0.955009
      22163.1     0.960776
      22163.2     0.957473
      22163.4     0.966915
      22163.5     0.970441
      22163.6     0.985704
      22163.7     0.984930
      22163.8     0.986289
      22163.9     0.976864
      22164.1     0.980440
      22164.2     0.963127
      22164.3     0.976774
      22164.4     0.957464
      22164.5     0.949894
      22164.6     0.944641
      22164.8     0.948880
      22164.9     0.947792
      22165.0     0.964908
      22165.1     0.960222
      22165.2     0.968504
      22165.3     0.962820
      22165.4     0.952341
      22165.6     0.952542
      22165.7     0.965443
      22165.8     0.950575
      22165.9     0.954841
      22166.0     0.963820
      22166.1     0.964663
      22166.3     0.952398
      22166.4     0.956533
      22166.5     0.956274
      22166.6     0.976722
      22166.7     0.977133
      22166.8     0.955908
      22166.9     0.945914
      22167.1     0.944489
      22167.2     0.943093
      22167.3     0.950971
      22167.4     0.949782
      22167.5     0.974259
      22167.6     0.978125
      22167.8     0.974615
      22167.9     0.955745
      22168.0     0.958829
      22168.1     0.963833
      22168.2     0.979958
      22168.3     0.977750
      22168.4     0.990066
      22168.6     0.986301
      22168.7     0.992619
      22168.8     0.986148
      22168.9     0.984182
      22169.0     0.973669
      22169.1     0.975944
      22169.2     0.989790
      22169.4     0.983684
      22169.5     0.980995
      22169.6     0.971535
      22169.7     0.962003
      22169.8     0.950537
      22169.9     0.947175
      22170.0     0.960139
      22170.2     0.965097
      22170.3     0.968507
      22170.4     0.964637
      22170.5     0.966050
      22170.6     0.960561
      22170.7     0.961480
      22170.9     0.949164
      22171.0     0.954026
      22171.1     0.958898
      22171.2     0.965497
      22171.3     0.980962
      22171.4     0.984701
      22171.5     0.981124
      22171.7     0.975793
      22171.8     0.977418
      22171.9     0.980825
      22172.0     0.987932
      22172.1     0.983686
      22172.2     0.979733
      22172.3     0.982816
      22172.5     0.976794
      22172.6     0.983407
      22172.7     0.979831
      22172.8     0.982043
      22172.9     0.985788
      22173.0     0.978611
      22173.1     0.969479
      22173.3     0.970400
      22173.4     0.978831
      22173.5     0.972289
      22173.6     0.959151
      22173.7     0.953697
      22173.8     0.961458
      22173.9     0.975371
      22174.0     0.976378
      22174.2     0.974617
      22174.3     0.987280
      22174.4     0.998099
      22174.5     0.988726
      22174.6     0.993597
      22174.7     0.977757
      22174.8     0.973357
      22175.0     0.959188
      22175.1     0.965035
      22175.2     0.969228
      22175.3     0.969450
      22175.4     0.972843
      22175.5     0.960241
      22175.6     0.960500
      22175.8     0.957421
      22175.9     0.938750
      22176.0     0.948370
      22176.1     0.953774
      22176.2     0.979137
      22176.3      1.00080
      22176.4     0.999023
      22176.5     0.981701
      22176.7     0.980908
      22176.8     0.972760
      22176.9     0.972867
      22177.0     0.971216
      22177.1     0.987193
      22177.2     0.993002
      22177.3      1.00127
      22177.4      1.00713
      22177.6     0.997720
      22177.7     0.995364
      22177.8      1.00470
      22177.9     0.997771
      22178.0      1.00488
      22178.1     0.997049
      22178.2      1.00005
      22178.4     0.992219
      22178.5     0.989486
      22178.6     0.987032
      22178.7     0.993231
      22178.8     0.977983
      22178.9     0.978570
      22179.0     0.976345
      22179.1     0.981744
      22179.3     0.973753
      22179.4     0.967715
      22179.5     0.955332
      22179.6     0.959967
      22179.7     0.964975
      22179.8     0.971347
      22179.9     0.966731
      22180.0     0.966316
      22180.2     0.968346
      22180.3     0.984527
      22180.4      1.00205
      22180.5      1.02509
      22180.6      1.03008
      22180.7      1.02146
      22180.8      1.00356
      22180.9      1.00020
      22181.1     0.984719
      22181.2     0.967244
      22181.3     0.942254
      22181.4     0.941894
      22181.5     0.948169
      22181.6     0.949231
      22181.7     0.946771
      22181.8     0.939660
      22181.9     0.938172
      22182.1     0.946307
      22182.2     0.961081
      22182.3     0.972491
      22182.4     0.974737
      22182.5     0.962624
      22182.6     0.969959
      22182.7     0.975139
      22182.8     0.975029
      22183.0     0.975268
      22183.1     0.952529
      22183.2     0.934963
      22183.3     0.921383
      22183.4     0.928395
      22183.5     0.935353
      22183.6     0.964654
      22183.7     0.973184
      22183.8     0.974857
      22184.0     0.957411
      22184.1     0.959593
      22184.2     0.959259
      22184.3     0.969329
      22184.4     0.986697
      22184.5      1.00262
      22184.6      1.01662
      22184.7      1.02721
      22184.8      1.04457
      22220.5     0.990931
      22220.6     0.998983
      22220.7     0.989125
      22220.9     0.980902
      22221.0     0.974949
      22221.1     0.975625
      22221.2     0.968926
      22221.3     0.959284
      22221.4     0.949945
      22221.5     0.946714
      22221.7     0.967487
      22221.8     0.982690
      22221.9     0.993883
      22222.0     0.996871
      22222.1     0.991782
      22222.2     0.997137
      22222.3     0.988828
      22222.5     0.984988
      22222.6     0.975412
      22222.7     0.970144
      22222.8     0.972956
      22222.9     0.981075
      22223.0     0.976443
      22223.1     0.994411
      22223.3      1.00234
      22223.4      1.00432
      22223.5      1.00799
      22223.6      1.00113
      22223.7     0.998998
      22223.8     0.997209
      22223.9     0.995058
      22224.0     0.975418
      22224.2     0.955593
      22224.3     0.945819
      22224.4     0.959809
      22224.5     0.962998
      22224.6     0.975672
      22224.7     0.981657
      22224.8     0.987022
      22225.0     0.984350
      22225.1     0.981458
      22225.2     0.981510
      22225.3     0.975952
      22225.4     0.960285
      22225.5     0.958250
      22225.6     0.960138
      22225.8     0.968635
      22225.9     0.958036
      22226.0     0.942724
      22226.1     0.930694
      22226.2     0.942882
      22226.3     0.965588
      22226.4     0.967357
      22226.6     0.967827
      22226.7     0.969730
      22226.8     0.986622
      22226.9     0.997584
      22227.0     0.998508
      22227.1     0.998195
      22227.2     0.996190
      22227.3     0.998530
      22227.5     0.998524
      22227.6      1.00375
      22227.7      1.00674
      22227.8      1.00333
      22227.9     0.998937
      22228.0     0.987718
      22228.1     0.970097
      22228.3     0.955642
      22228.4     0.946370
      22228.5     0.956442
      22228.6     0.963587
      22228.7     0.974094
      22228.8     0.977788
      22228.9     0.982920
      22229.1     0.988991
      22229.2     0.989622
      22229.3     0.982783
      22229.4     0.987766
      22229.5     0.988979
      22229.6     0.984410
      22229.7     0.977140
      22229.8     0.970440
      22230.0     0.953743
      22230.1     0.955903
      22230.2     0.952317
      22230.3     0.953320
      22230.4     0.931613
      22230.5     0.925454
      22230.6     0.925217
      22230.8     0.930503
      22230.9     0.928496
      22231.0     0.921044
      22231.1     0.915880
      22231.2     0.905258
      22231.3     0.901819
      22231.4     0.899758
      22231.6     0.881252
      22231.7     0.874027
      22231.8     0.856962
      22231.9     0.852764
      22232.0     0.847029
      22232.1     0.843883
      22232.2     0.838010
      22232.3     0.840999
      22232.5     0.846201
      22232.6     0.846236
      22232.7     0.837605
      22232.8     0.840590
      22232.9     0.868217
      22233.0     0.876724
      22233.1     0.877974
      22233.3     0.866757
      22233.4     0.854271
      22233.5     0.844418
      22233.6     0.841120
      22233.7     0.854222
      22233.8     0.860459
      22233.9     0.864019
      22234.1     0.867648
      22234.2     0.874946
      22234.3     0.902806
      22234.4     0.915099
      22234.5     0.908392
      22234.6     0.914815
      22234.7     0.916511
      22234.9     0.920603
      22235.0     0.928333
      22235.1     0.943841
      22235.2     0.959069
      22235.3     0.964860
      22235.4     0.967493
      22235.5     0.964215
      22235.6     0.967280
      22235.8     0.959954
      22235.9     0.956589
      22236.0     0.963544
      22236.1     0.967261
      22236.2     0.968413
      22236.3     0.967620
      22236.4     0.971392
      22236.6     0.966452
      22236.7     0.973418
      22236.8     0.971866
      22236.9     0.979061
      22237.0     0.982064
      22237.1     0.980586
      22237.2     0.993319
      22237.4     0.993662
      22237.5     0.994242
      22237.6     0.988778
      22237.7     0.991675
      22237.8     0.987605
      22237.9     0.987620
      22238.0      1.00258
      22238.1     0.995970
      22238.3     0.997267
      22238.4     0.997114
      22238.5     0.988609
      22238.6     0.983875
      22238.7     0.989637
      22238.8     0.990779
      22238.9     0.995676
      22239.1     0.990154
      22239.2     0.973761
      22239.3     0.954137
      22239.4     0.958626
      22239.5     0.967280
      22239.6     0.977988
      22239.7     0.982045
      22239.9     0.996995
      22240.0      1.00199
      22240.1     0.997029
      22240.2     0.995673
      22240.3     0.985289
      22240.4     0.974770
      22240.5     0.958512
      22240.6     0.962242
      22240.8     0.967554
      22240.9     0.987453
      22241.0     0.992413
      22241.1     0.991482
      22241.2     0.985388
      22241.3     0.993076
      22241.4      1.00752
      22241.6      1.00283
      22241.7      1.00799
      22241.8      1.00546
      22241.9     0.996707
      22242.0      1.00349
      22242.1     0.993623
      22242.2     0.989869
      22242.3     0.985786
      22242.5     0.989388
      22242.6     0.993290
      22242.7     0.979632
      22242.8     0.970013
      22242.9     0.979699
      22243.0     0.993925
      22243.1      1.00174
      22243.3     0.998415
      22243.4      1.00079
      22243.5     0.997268
      22243.6     0.983349
      22243.7     0.974177
      22243.8     0.977024
      22243.9     0.984510
      22244.1     0.991779
      22244.2     0.991603
      22244.3     0.982945
      22244.4     0.986808
      22244.5     0.995312
      22244.6     0.988076
      22244.7     0.989362
      22244.8     0.702473
      22245.0     0.966228
      22245.1     0.993439
      22245.2     0.996101
      22245.3     0.991067
      22245.4     0.992938
      22245.5     0.986112
      22245.6     0.971905
      22245.8     0.967807
      22245.9     0.961603
      22246.0     0.974325
      22246.1     0.954099
      22246.2     0.922395
      22246.3     0.935439
      22246.4     0.984090
      22246.6     0.995496
      22246.7     0.996837
      22246.8     0.986134
      22246.9     0.993193
      22247.0     0.987614
      22247.1     0.991583
      22247.2     0.989243
      22247.3     0.998625
      22247.5     0.994509
      22247.6     0.980525
      22247.7     0.956907
      22247.8     0.948730
      22247.9     0.949413
      22248.0     0.962801
      22248.1     0.973257
      22248.3     0.982093
      22248.4     0.983945
      22248.5     0.986434
      22248.6     0.991145
      22248.7     0.995450
      22248.8      1.00129
      22248.9      1.00022
      22249.0     0.992013
      22249.2     0.983279
      22249.3     0.976913
      22249.4     0.983985
      22249.5      1.00153
      22249.6      1.01113
      22249.7      1.01529
      22249.8      1.01777
      22250.0      1.01247
      22250.1      1.00689
      22250.2      1.00538
      22250.3     0.997179
      22250.4     0.990275
      22250.5     0.982280
      22250.6     0.972905
      22250.8     0.968229
      22250.9     0.976891
      22251.0     0.929369
      22251.1     0.996266
      22251.2     0.998390
      22251.3     0.992684
      22251.4     0.984898
      22251.5     0.978896
      22251.7     0.975650
      22251.8     0.963265
      22251.9     0.957035
      22252.0     0.956541
      22252.1     0.996096
      22252.2      1.00167
      22252.3      1.00384
      22252.5     0.999844
      22252.6     0.995398
      22252.7     0.996967
      22252.8     0.992313
      22252.9     0.980174
      22253.0     0.970505
      22253.1     0.976568
      22253.2     0.982653
      22253.4     0.982593
      22253.5     0.989839
      22253.6     0.993832
      22253.7      1.00377
      22253.8     0.995135
      22253.9     0.985184
      22254.0     0.987178
      22254.2     0.979171
      22254.3     0.985052
      22254.4     0.980688
      22254.5     0.990062
      22254.6     0.991509
      22254.7     0.993163
      22254.8     0.993466
      22254.9     0.998576
      22255.1     0.999831
      22255.2      1.00022
      22255.3     0.982831
      22255.4     0.970004
      22255.5     0.961598
      22255.6     0.949394
      22255.7     0.940077
      22255.9     0.928810
      22256.0     0.923482
      22256.1     0.891478
      22256.2     0.879228
      22256.3     0.883713
      22256.4     0.888795
      22256.5     0.899763
      22256.7     0.893636
      22256.8     0.896340
      22256.9     0.891662
      22257.0     0.898845
      22257.1     0.897701
      22257.2     0.902922
      22257.3     0.911713
      22257.4     0.915104
      22257.6     0.918934
      22257.7     0.921640
      22257.8     0.930891
      22257.9     0.929348
      22258.0     0.932293
      22258.1     0.929590
      22258.2     0.939451
      22258.4     0.937864
      22258.5     0.928276
      22258.6     0.898783
      22258.7     0.891747
      22258.8     0.895483
      22258.9     0.913883
      22259.0     0.921896
      22259.1     0.915723
      22259.3     0.907224
      22259.4     0.915056
      22259.5     0.924905
      22259.6     0.932840
      22259.7     0.919805
      22259.8     0.912282
      22259.9     0.905663
      22260.1     0.906010
      22260.2     0.898489
      22260.3     0.916857
      22260.4     0.915230
      22260.5     0.923999
      22260.6     0.940511
      22260.7     0.909661
      22260.8     0.902301
      22261.0     0.919630
      22261.1     0.925221
      22261.2     0.941568
      22261.3     0.956630
      22261.4     0.971204
      22261.5     0.977125
      22261.6     0.981463
      22261.8     0.983820
      22261.9     0.986992
      22262.0     0.986104
      22262.1     0.982270
      22262.2     0.989619
      22262.3     0.983202
      22262.4     0.973769
      22262.5     0.958518
      22262.7     0.958699
      22262.8     0.956502
      22262.9     0.953581
      22263.0     0.978133
      22263.1     0.990043
      22263.2     0.973078
      22263.3     0.954615
      22263.5     0.961875
      22263.6     0.970071
      22263.7     0.977365
      22263.8     0.976817
      22263.9     0.979261
      22264.0     0.972136
      22264.1     0.964660
      22264.2     0.966119
      22264.4     0.974930
      22264.5     0.989390
      22264.6     0.999262
      22264.7      1.00032
      22264.8     0.975764
      22264.9     0.973436
      22265.0     0.973726
      22265.2     0.991768
      22265.3     0.998990
      22265.4     0.993064
      22265.5     0.997138
      22265.6      1.00422
      22265.7      1.01598
      22265.8     0.998096
      22265.9     0.986479
      22266.1     0.957078
      22266.2     0.980298
      22266.3     0.965389
      22266.4     0.948663
      22266.5     0.939109
      22266.6     0.907071
      22266.7     0.900526
      22266.9     0.908715
      22267.0     0.923499
      22267.1     0.919892
      22267.2     0.922075
      22267.3     0.935708
      22267.4     0.936536
      22267.5     0.959929
      22267.6     0.979210
      22267.8     0.986205
      22267.9     0.973292
      22268.0     0.966381
      22268.1     0.963557
      22268.2     0.967872
      22268.3     0.952675
      22268.4     0.933551
      22268.5     0.937966
      22268.7     0.956147
      22268.8     0.962081
      22268.9     0.958855
      22269.0     0.935040
      22269.1     0.929316
      22269.2     0.921185
      22269.3     0.931119
      22269.5     0.945306
      22269.6     0.962052
      22269.7     0.978798
      22269.8     0.986945
      22269.9     0.989071
      22270.0     0.975114
      22270.1     0.945519
      22270.2     0.910598
      22270.4     0.915036
      22270.5     0.944896
      22270.6     0.975913
      22270.7     0.977914
      22270.8     0.985269
      22270.9     0.987916
      22271.0     0.978781
      22271.2     0.983635
      22271.3     0.983572
      22271.4     0.988346
      22271.5     0.980922
      22271.6     0.934175
      22271.7     0.970351
      22271.8     0.975485
      22271.9     0.970192
      22272.1     0.965640
      22272.2     0.949934
      22272.3     0.934657
      22272.4     0.926237
      22272.5     0.915799
      22272.6     0.902031
      22272.7     0.892429
      22272.8     0.889885
      22273.0     0.899418
      22273.1     0.895483
      22273.2     0.881745
      22273.3     0.862843
      22273.4     0.857576
      22273.5     0.855943
      22273.6     0.861941
      22273.8     0.878806
      22273.9     0.892091
      22274.0     0.895325
      22274.1     0.884401
      22274.2     0.866401
      22274.3     0.856987
      22274.4     0.863509
      22274.5     0.872297
      22274.7     0.882253
      22274.8     0.896855
      22274.9     0.906387
      22275.0     0.905739
      22275.1     0.898383
      22275.2     0.896382
      22275.3     0.906586
      22275.5     0.919013
      22275.6     0.934357
      22275.7     0.945050
      22275.8     0.942676
      22275.9     0.933960
      22276.0     0.923959
      22276.1     0.926119
      22276.2     0.933264
      22276.4     0.945358
      22276.5     0.947509
      22276.6     0.947201
      22276.7     0.952836
      22276.8     0.964209
      22276.9     0.971299
      22277.0     0.976127
      22277.1     0.987139
      22277.3     0.997059
      22277.4     0.991456
      22277.5     0.991721
      22277.6     0.990233
      22277.7     0.984456
      22277.8     0.979822
      22277.9     0.966475
      22278.1     0.958544
      22278.2     0.953715
      22278.3     0.950669
      22278.4     0.955194
      22278.5     0.955062
      22278.6     0.968779
      22278.7     0.983783
      22278.8     0.990166
      22279.0     0.990455
      22279.1     0.995962
      22279.2     0.997312
      22279.3      1.00641
      22279.4      1.00225
      22279.5      1.00620
      22279.6     0.993820
      22279.7     0.988091
      22279.9     0.964053
      22280.0     0.952184
      22280.1     0.946794
      22280.2     0.952679
      22280.3     0.965218
      22280.4     0.970687
      22280.5     0.984010
      22280.7     0.989316
      22280.8     0.991654
      22280.9     0.982230
      22281.0     0.966436
      22281.1     0.953344
      22281.2     0.949267
      22281.3     0.967339
      22281.4     0.971885
      22281.6     0.966629
      22281.7     0.932163
      22281.8     0.914819
      22281.9     0.927029
      22282.0     0.956094
      22282.1     0.969478
      22282.2     0.961522
      22282.3     0.972593
      22282.5     0.977851
      22282.6     0.986664
      22282.7     0.994026
      22282.8     0.993083
      22282.9     0.982868
      22283.0     0.977235
      22283.1     0.974258
      22283.2     0.976208
      22283.4     0.977053
      22283.5     0.967301
      22283.6     0.937161
      22283.7     0.898741
      22283.8     0.899805
      22283.9     0.925078
      22284.0     0.949165
      22284.2     0.966030
      22284.3     0.971453
      22284.4     0.960126
      22284.5     0.954420
      22284.6     0.939902
      22284.7     0.939744
      22284.8     0.959563
      22284.9     0.952591
      22285.1     0.954127
      22285.2     0.952401
      22285.3     0.953315
      22285.4     0.968363
      22285.5     0.975433
      22285.6     0.988005
      22285.7     0.987660
      22285.8     0.982770
      22286.0     0.972458
      22286.1     0.968889
      22286.2     0.976329
      22286.3     0.988379
      22286.4     0.990107
      22286.5     0.979766
      22286.6     0.974712
      22286.7     0.980724
      22286.9     0.988252
      22287.0     0.974645
      22287.1     0.978652
      22287.2     0.983755
      22287.3      1.00190
      22287.4      1.00106
      22287.5      1.00526
      22287.7     0.999905
      22287.8     0.994320
      22287.9     0.995868
      22288.0     0.989057
      22288.1     0.992893
      22288.2     0.984119
      22288.3     0.967917
      22288.4     0.961801
      22288.6     0.968996
      22288.7     0.995795
      22288.8      1.00912
      22288.9      1.00540
      22289.0      1.00066
      22289.1      1.00131
      22289.2     0.993010
      22289.3     0.984167
      22289.5     0.977915
      22289.6     0.973553
      22289.7     0.988171
      22289.8     0.993718
      22289.9     0.991844
      22290.0     0.979709
      22290.1     0.967664
      22290.2     0.943003
      22290.4     0.935005
      22290.5     0.944610
      22290.6     0.969441
      22290.7     0.988946
      22290.8     0.993713
      22290.9     0.990249
      22291.0     0.979212
      22291.1     0.981830
      22291.3     0.982539
      22291.4     0.980434
      22291.5     0.982684
      22291.6     0.994914
      22291.7     0.977483
      22291.8     0.969152
      22291.9     0.958288
      22292.0     0.971771
      22292.2     0.969646
      22292.3     0.962911
      22292.4     0.950563
      22292.5     0.949642
      22292.6     0.965326
      22292.7     0.979789
      22292.8     0.991240
      22293.0     0.996516
      22293.1      1.00115
      22293.2     0.975037
      22293.3     0.987709
      22293.4     0.981000
      22293.5     0.971912
      22293.6     0.971613
      22293.7     0.971271
      22293.9     0.987600
      22294.0     0.989652
      22294.1     0.992103
      22294.2     0.993950
      22294.3     0.982887
      22294.4     0.988456
      22294.5     0.975699
      22294.6     0.962799
      22294.8     0.959453
      22294.9     0.954999
      22295.0     0.964588
      22295.1     0.983335
      22295.2     0.994173
      22295.3     0.991512
      22295.4     0.981333
      22295.5     0.971337
      22295.7     0.950366
      22295.8     0.952626
      22295.9     0.947907
      22296.0     0.938525
      22296.1     0.931972
      22296.2     0.937022
      22296.3     0.950896
      22296.4     0.965487
      22296.6     0.971667
      22296.7     0.976858
      22296.8     0.971518
      22296.9     0.967044
      22297.0     0.961291
      22297.1     0.972448
      22297.2     0.983210
      22297.3     0.989189
      22297.5     0.988954
      22297.6     0.992958
      22297.7     0.989703
      22297.8     0.989527
      22297.9     0.969860
      22298.0     0.964946
      22298.1     0.970832
      22298.2     0.975779
      22298.4     0.984244
      22298.5     0.992491
      22298.6     0.998560
      22298.7      1.00332
      22298.8      1.00074
      22298.9     0.998055
      22299.0     0.984077
      22299.1     0.979936
      22299.3     0.976432
      22299.4     0.969798
      22299.5     0.959122
      22299.6     0.940704
      22299.7     0.927418
      22299.8     0.952289
      22299.9     0.975401
      22300.0     0.990110
      22300.2     0.986632
      22300.3     0.983207
      22300.4     0.991683
      22300.5      1.00194
      22300.6     0.994709
      22300.7      1.00153
      22300.8      1.00016
      22300.9     0.988849
      22301.1     0.987938
      22301.2     0.988086
      22301.3     0.993552
      22301.4      1.00037
      22301.5      1.01215
      22301.6      1.00710
      22301.7      1.00019
      22301.8     0.996974
      22302.0      1.00090
      22302.1     0.996744
      22302.2      1.00021
      22302.3      1.00396
      22302.4      1.00449
      22302.5     0.995500
      22302.6     0.978266
      22302.7     0.979889
      22302.9     0.986383
      22303.0     0.984871
      22303.1     0.985658
      22303.2     0.990667
      22303.3     0.994410
      22303.4     0.991527
      22303.5     0.983485
      22303.6     0.985820
      22303.8     0.980685
      22303.9     0.980052
      22304.0     0.983209
      22304.1     0.968234
      22304.2     0.963477
      22304.3     0.965819
      22304.4     0.971750
      22304.5     0.977257
      22304.7     0.986274
      22304.8     0.999831
      22304.9     0.993090
      22305.0     0.996420
      22305.1     0.989459
      22305.2     0.980062
      22305.3     0.977336
      22305.4     0.969950
      22305.6     0.958739
      22305.7     0.952376
      22305.8     0.962091
      22305.9     0.973900
      22306.0     0.991540
      22306.1     0.989143
      22306.2     0.995695
      22306.3     0.999608
      22306.5     0.988443
      22306.6     0.979724
      22306.7     0.963116
      22306.8     0.960491
      22306.9     0.963607
      22307.0     0.971260
      22307.1     0.976267
      22307.2     0.981675
      22307.4     0.990468
      22307.5     0.977586
      22307.6     0.964259
      22307.7     0.949277
      22307.8     0.945270
      22307.9     0.951056
      22308.0     0.961069
      22308.1     0.964671
      22308.3     0.958626
      22308.4     0.957440
      22308.5     0.948713
      22308.6     0.953650
      22308.7     0.951698
      22308.8     0.953257
      22308.9     0.944703
      22309.0     0.943150
      22309.2     0.944732
      22309.3     0.945387
      22309.4     0.955238
      22309.5     0.959744
      22309.6     0.951951
      22309.7     0.950257
      22309.8     0.941720
      22309.9     0.946063
      22310.0     0.941059
      22310.2     0.968415
      22310.3      1.00302
      22310.4     0.995316
      22310.5     0.964428
      22310.6     0.917199
      22310.7     0.899302
      22310.8     0.904610
      22310.9     0.922173
      22311.1     0.930398
      22311.2     0.943333
      22311.3     0.948015
      22311.4     0.954469
      22311.5     0.950483
      22311.6     0.943388
      22311.7     0.941953
      22311.8     0.949742
      22312.0     0.952838
      22312.1     0.952741
      22312.2     0.957445
      22312.3     0.949419
      22312.4     0.937005
      22312.5     0.927314
      22312.6     0.928070
      22312.7     0.942171
      22312.9     0.947278
      22313.0     0.961053
      22313.1     0.944582
      22313.2     0.973602
      22313.3     0.975079
      22313.4     0.986638
      22313.5     0.987210
      22313.6     0.982418
      22313.8     0.987701
      22313.9     0.974674
      22314.0     0.967401
      22314.1     0.957864
      22314.2     0.957347
      22314.3     0.954017
      22314.4     0.962317
      22314.5     0.966775
      22314.6     0.974328
      22314.8     0.978432
      22314.9     0.985001
      22315.0     0.987299
      22315.1     0.993179
      22315.2     0.984270
      22315.3     0.982199
      22315.4     0.980245
      22315.5     0.973684
      22315.7     0.981611
      22315.8     0.979915
      22315.9     0.990346
      22316.0     0.984907
      22316.1     0.974754
      22316.2     0.980368
      22316.3     0.983345
      22316.4     0.982258
      22316.6     0.967933
      22316.7     0.955777
      22316.8     0.959545
      22316.9     0.973540
      22317.0     0.974675
      22317.1     0.983272
      22317.2     0.982473
      22317.3      1.00198
      22317.5     0.996434
      22317.6     0.989143
      22317.7      1.03683
      22317.8      1.04007
      22317.9      1.02211
      22318.0      1.01566
      22318.1      1.01706
      22318.2     0.999923
      22318.3     0.974732
      22318.5     0.989336
      22318.6     0.992846
      22318.7     0.979483
      22318.8     0.983291
      22318.9     0.998539
      22319.0     0.990069
      22319.1     0.966730
      22319.2     0.957556
      22319.4     0.975048
      22319.5     0.984823
      22319.6     0.982333
      22319.7     0.978771
      22319.8     0.983579
      22319.9     0.991728
      22320.0      1.00144
      22320.1     0.998673
      22320.3     0.990948
      22320.4     0.977612
      22320.5     0.979644
      22320.6     0.987347
      22320.7     0.996859
      22320.8      1.00514
      22320.9     0.995925
      22321.0     0.984252
      22321.1     0.978615
      22321.3     0.982723
      22321.4     0.982421
      22321.5     0.992637
      22321.6     0.998249
      22321.7     0.998226
      22321.8     0.997918
      22321.9     0.998214
      22322.0     0.992792
      22322.2     0.999480
      22322.3      1.00472
      22322.4     0.992593
      22322.5     0.983482
      22322.6     0.970412
      22322.7     0.967871
      22322.8     0.946378
      22322.9     0.945824
      22323.0     0.972337
      22323.2     0.969374
      22323.3     0.957407
      22323.4     0.947600
      22323.5     0.962416
      22323.6     0.975978
      22323.7     0.975647
      22323.8     0.957803
      22323.9     0.933598
      22324.1     0.931493
      22324.2     0.957357
      22324.3     0.825693
      22324.4     0.976695
      22324.5     0.976183
      22324.6     0.977280
      22324.7     0.992538
      22324.8     0.977999
      22325.0     0.973574
      22325.1     0.983340
      22325.2     0.986530
      22325.3     0.994682
      22325.4     0.995911
      22325.5     0.999990
      22325.6     0.999129
      22325.7     0.992980
      22325.8     0.975800
      22326.0     0.967932
      22326.1     0.972059
      22326.2     0.986676
      22326.3     0.995778
      22326.4     0.991548
      22326.5     0.988057
      22326.6     0.990580
      22326.7     0.990114
      22326.9     0.989711
      22327.0     0.980783
      22327.1     0.974919
      22327.2     0.976243
      22327.3     0.978752
      22327.4     0.978170
      22327.5     0.976782
      22327.6     0.943742
      22327.7     0.939936
      22327.9     0.902020
      22328.0     0.880743
      22328.1     0.892263
      22328.2     0.899647
      22328.3     0.918517
      22328.4     0.947528
      22328.5     0.969421
      22328.6      1.00337
      22328.7     0.835463
      22328.9      1.04151
      22329.0      1.00680
      22329.1     0.988768
      22329.2     0.994797
      22329.3     0.993675
      22329.4     0.987688
      22329.5     0.993632
      22329.6     0.989217
      22329.8     0.992696
      22329.9      1.00301
      22330.0     0.961055
      22330.1     0.994176
      22330.2     0.990592
      22330.3     0.992003
      22330.4     0.990796
      22330.5     0.995295
      22330.6      1.02440
      22330.8      1.01064
      22330.9     0.982414
      22331.0      1.00756
      22331.1      1.00705
      22331.2     0.991402
      22331.3     0.971327
      22331.4     0.945295
      22331.5     0.944764
      22331.7     0.933718
      22331.8     0.945195
      22331.9     0.957502
      22332.0     0.968806
      22332.1     0.979388
      22332.2     0.960708
      22332.3     0.958388
      22332.4     0.945771
      22332.5     0.954165
      22332.7     0.974310
      22332.8     0.989027
      22332.9     0.993492
      22333.0     0.984729
      22333.1     0.967605
      22333.2     0.957965
      22333.3     0.962806
      22333.4     0.983333
      22333.5     0.992763
      22333.7     0.986335
      22333.8     0.980299
      22333.9     0.969330
      22334.0     0.966438
      22334.1     0.965673
      22334.2     0.975955
      22334.3     0.974405
      22334.4     0.981768
      22334.6     0.985006
      22334.7     0.983237
      22334.8     0.987938
      22334.9      1.00002
      22335.0     0.994680
      22335.1     0.996966
      22335.2     0.992925
      22335.3     0.864927
      22335.4     0.972498
      22335.6     0.969584
