      22069.2      1.01795
      22069.3      1.01201
      22069.4     0.999383
      22069.6     0.998223
      22069.8     0.983139
      22069.8     0.999849
      22069.9     0.993045
      22070.0     0.988297
      22070.1     0.959408
      22070.2     0.950581
      22070.4     0.954894
      22070.5     0.966686
      22070.6     0.936090
      22070.8     0.908710
      22070.8     0.876284
      22070.9     0.887272
      22071.0     0.913763
      22071.2     0.942509
      22071.3     0.961756
      22071.4     0.968364
      22071.5     0.983665
      22071.6     0.973186
      22071.8     0.974825
      22071.8     0.982164
      22072.0     0.974009
      22072.1     0.971139
      22072.2     0.948561
      22072.3     0.955105
      22072.4     0.971532
      22072.5     0.978143
      22072.8     0.983276
      22072.8     0.991519
      22072.9     0.992704
      22073.0     0.998517
      22073.1      1.00710
      22073.2      1.00475
      22073.3     0.989773
      22073.5     0.991747
      22073.6     0.970292
      22073.8     0.943112
      22073.8     0.824674
      22073.9     0.907670
      22074.0     0.943431
      22074.2     0.953156
      22074.3     0.957775
      22074.4     0.959633
      22074.5     0.956378
      22074.6     0.956827
      22074.8     0.956731
      22074.8     0.944187
      22075.0     0.916347
      22075.1     0.913028
      22075.2     0.945763
      22075.3     0.973342
      22075.4     0.969098
      22075.5     0.961029
      22075.8     0.940733
      22075.8     0.916947
      22075.9     0.919375
      22076.0     0.926105
      22076.1     0.928890
      22076.2     0.935817
      22076.3     0.924244
      22076.5     0.890415
      22076.6     0.904123
      22076.8     0.934537
      22076.8     0.953909
      22076.9     0.939567
      22077.0     0.921872
      22077.2     0.902125
      22077.3     0.891482
      22077.4     0.889277
      22077.5     0.872520
      22077.6     0.878775
      22077.8     0.892474
      22077.8     0.913898
      22078.0     0.926516
      22078.1     0.924772
      22078.2     0.918650
      22078.3     0.928746
      22078.4     0.931060
      22078.5     0.950471
      22078.8     0.936414
      22078.8     0.925927
      22078.9     0.946700
      22079.0     0.955564
      22079.1     0.960646
      22079.2     0.958849
      22079.3     0.946130
      22079.5     0.932160
      22079.6     0.921402
      22079.8     0.929375
      22079.8     0.936262
      22079.9     0.925835
      22080.0     0.905099
      22080.2     0.889122
      22080.3     0.880656
      22080.4     0.867931
      22080.5     0.862864
      22080.6     0.891860
      22080.8     0.896853
      22080.9     0.892992
      22081.0     0.891893
      22081.1     0.899230
      22081.2     0.893077
      22081.3     0.894983
      22081.4     0.889700
      22081.5     0.861614
      22081.8     0.847335
      22081.8     0.829285
      22081.9     0.801216
      22082.0     0.810680
      22082.1     0.812799
      22082.2     0.814864
      22082.4     0.803958
      22082.5     0.789418
      22082.6     0.769634
      22082.8     0.748332
      22082.8     0.728597
      22082.9     0.722866
      22083.1     0.728547
      22083.2     0.736674
      22083.3     0.764548
      22083.4     0.788219
      22083.5     0.794179
      22083.6     0.790067
      22083.8     0.774047
      22083.9     0.756838
      22084.0     0.739593
      22084.1     0.733279
      22084.2     0.728774
      22084.3     0.735260
      22084.4     0.726247
      22084.6     0.717907
      22084.8     0.726943
      22084.8     0.732815
      22084.9     0.747628
      22085.0     0.779829
      22085.1     0.812441
      22085.3     0.844380
      22085.4     0.867796
      22085.5     0.884923
      22085.6     0.875591
      22085.8     0.890919
      22085.8     0.897134
      22086.0     0.914092
      22086.1     0.918272
      22086.2     0.937846
      22086.3     0.928521
      22086.4     0.935464
      22086.5     0.936152
      22086.8     0.934883
      22086.8     0.942203
      22086.9     0.948637
      22087.0     0.949185
      22087.1     0.950894
      22087.2     0.960072
      22087.4     0.955393
      22087.5     0.967025
      22087.6     0.971073
      22087.8     0.967625
      22087.8     0.969891
      22087.9     0.965553
      22088.0     0.970908
      22088.2     0.969183
      22088.3     0.973043
      22088.4     0.976762
      22088.5     0.988675
      22088.6     0.991238
      22088.8     0.978616
      22088.9     0.976052
      22089.0     0.976899
      22089.1     0.963857
      22089.2     0.969172
      22089.3     0.972444
      22089.4     0.970974
      22089.6     0.974226
      22089.8     0.965589
      22089.8     0.952177
      22089.9     0.942883
      22090.0     0.926370
      22090.1     0.933147
      22090.3     0.968783
      22090.4     0.971533
      22090.5     0.978001
      22090.6     0.986167
      22090.8     0.985510
      22090.8     0.983797
      22091.0     0.975477
      22091.1     0.970905
      22091.2     0.975435
      22091.3     0.981317
      22091.4     0.969426
      22091.5     0.965470
      22091.8     0.965208
      22091.8     0.964146
      22091.9     0.962600
      22092.0     0.966614
      22092.1     0.955604
      22092.2     0.965219
      22092.4     0.946622
      22092.5     0.931347
      22092.6     0.926367
      22092.8     0.947543
      22092.8     0.971452
      22092.9     0.984847
      22093.1     0.967980
      22093.2     0.959890
      22093.3     0.958289
      22093.4     0.963399
      22093.5     0.972323
      22093.6     0.974882
      22093.8     0.953699
      22093.9     0.960902
      22094.0     0.956422
      22094.1     0.963479
      22094.2     0.962518
      22094.3     0.957990
      22094.5     0.942278
      22094.6     0.936788
      22094.8     0.936581
      22094.8     0.954318
      22094.9     0.969356
      22095.0     0.982230
      22095.2     0.989236
      22095.3     0.993806
      22095.4     0.990428
      22095.5     0.997139
      22095.6     0.986688
      22095.8     0.979350
      22095.9     0.976119
      22096.0     0.985041
      22096.1     0.985173
      22096.2      1.01012
      22096.3      1.00119
      22096.4     0.992303
      22096.6     0.989583
      22096.8     0.976889
      22096.8     0.973327
      22096.8     0.973174
      22097.0     0.971920
      22097.1     0.981392
      22097.3     0.982123
      22097.4     0.982394
      22097.5     0.961735
      22097.6     0.969164
      22097.8     0.966289
      22097.8     0.980099
      22098.0     0.987494
      22098.1      1.00399
      22098.2      1.01381
      22098.3     0.987376
      22098.4     0.971739
      22098.6     0.977173
      22098.6     0.978639
      22098.8     0.989061
      22098.9     0.989201
      22099.0     0.988558
      22099.1     0.986007
      22099.3     0.968360
      22099.4     0.938659
      22099.5     0.925417
      22099.6     0.922780
      22099.8     0.930685
      22099.8     0.943798
      22100.0     0.962581
      22100.1     0.974271
      22100.2     0.981099
      22100.2     0.980411
      22100.3     0.952783
      22100.5     0.921795
      22100.6     0.901155
      22100.8     0.909540
      22100.9     0.939718
      22101.0     0.970219
      22101.1     0.985108
      22101.2     0.988690
      22101.4     0.989708
      22101.5     0.987640
      22101.6     0.985251
      22101.8     0.990261
      22101.8     0.991591
      22101.9     0.980243
      22102.1     0.971811
      22102.2     0.981207
      22102.2     0.992764
      22102.4     0.989138
      22102.5     0.990024
      22102.6     0.976603
      22102.8     0.965567
      22102.9     0.987191
      22103.0     0.999395
      22103.1     0.998902
      22103.2     0.984547
      22103.4     0.971132
      22103.5     0.968869
      22103.6     0.990916
      22103.8     0.999684
      22103.8     0.999650
      22103.8      1.00158
      22104.0     0.997279
      22104.1      1.00679
      22104.2      1.00355
      22104.3     0.997033
      22104.4     0.994707
      22104.5     0.995633
      22104.8     0.986651
      22104.8     0.978017
      22104.9     0.976766
      22105.1     0.988541
      22105.2     0.978110
      22105.2     0.970372
      22105.5     0.958995
      22105.5     0.969436
      22105.6     0.963569
      22105.8     0.960869
      22105.8     0.994196
      22105.9     0.976440
      22106.1     0.981553
      22106.2     0.983742
      22106.3     0.968413
      22106.4     0.944005
      22106.6     0.923987
      22106.8     0.907697
      22106.8     0.954008
      22107.0     0.941297
      22107.1     0.921376
      22107.2     0.928982
      22107.2     0.933256
      22107.4     0.927326
      22107.5     0.945868
      22107.6     0.963643
      22107.8     0.972792
      22107.8     0.976874
      22107.9     0.970547
      22108.2     0.965389
      22108.2     0.978994
      22108.3     0.964852
      22108.4     0.952825
      22108.6     0.951841
      22108.6     0.971058
      22108.9     0.964666
      22109.0     0.960717
      22109.0     0.952086
      22109.1     0.949884
      22109.2     0.957346
      22109.4     0.954216
      22109.5     0.958753
      22109.6     0.960750
      22109.8     0.962151
      22109.8     0.952337
      22109.9     0.961168
      22110.2     0.948950
      22110.2     0.967390
      22110.3     0.969958
      22110.5     0.974137
      22110.6     0.964392
      22110.6     0.964750
      22110.8     0.967997
      22110.9     0.971209
      22111.0     0.949637
      22111.1     0.935287
      22111.2     0.930719
      22111.3     0.943186
      22111.5     0.956272
      22111.6     0.962144
      22111.8     0.961646
      22111.8     0.967800
      22111.9     0.971211
      22112.1     0.962738
      22112.2     0.973278
      22112.3     0.974158
      22112.4     0.953511
      22112.5     0.954253
      22112.6     0.963091
      22112.8     0.966986
      22112.9     0.960400
      22113.0     0.974273
      22113.1     0.984636
      22113.2     0.996018
      22113.3     0.993599
      22113.5      1.01362
      22113.6      1.01841
      22113.8      1.00984
      22113.8      1.00822
      22113.9      1.01638
      22114.1      1.00632
      22114.2     0.987861
      22114.3     0.976117
      22114.4      1.00467
      22114.5      1.00509
      22114.6      1.01974
      22114.8      1.01002
      22114.9      1.00388
      22115.0     0.982157
      22115.1     0.961355
      22115.2     0.960011
      22115.3     0.974358
      22115.5     0.980488
      22115.6     0.996366
      22115.8     0.990167
      22115.8      1.00375
      22115.9     0.996246
      22116.1     0.995231
      22116.2      1.00169
      22116.3     0.990128
      22116.4     0.979846
      22116.5     0.974411
      22116.6     0.976705
      22116.8     0.979177
      22116.9     0.978660
      22117.0     0.990736
      22117.1     0.987682
      22117.2     0.996889
      22117.3      1.00830
      22117.5      1.00915
      22117.6      1.00207
      22117.8     0.999306
      22117.8     0.981316
      22117.9     0.973544
      22118.0     0.974460
      22118.2     0.987216
      22118.3     0.988437
      22118.4     0.988816
      22118.5     0.983151
      22118.6     0.984021
      22118.8     0.994301
      22118.9     0.989329
      22119.0     0.989919
      22119.1     0.986032
      22119.2     0.956202
      22119.3     0.928211
      22119.5     0.935262
      22119.6     0.969385
      22119.8     0.985994
      22119.8     0.994437
      22119.9      1.00187
      22120.0     0.997850
      22120.2     0.996722
      22120.3     0.993945
      22120.4     0.978866
      22120.5     0.969489
      22120.6     0.969414
      22120.8     0.977365
      22120.9     0.993955
      22121.0     0.994928
      22121.1     0.984349
      22121.2     0.964532
      22121.3     0.954271
      22121.5     0.951627
      22121.6     0.972364
      22121.8     0.991423
      22121.8     0.994576
      22121.9     0.993253
      22122.0     0.985095
      22122.2     0.986723
      22122.3     0.990342
      22122.4     0.995834
      22122.5     0.991076
      22122.6     0.971014
      22122.8     0.968443
      22122.9     0.983409
      22123.0     0.980811
      22123.1     0.998536
      22123.2      1.00037
      22123.3     0.990896
      22123.5     0.988733
      22123.6     0.997986
      22123.8     0.985537
      22123.8     0.971488
      22123.9     0.962093
      22124.0     0.950363
      22124.2     0.949721
      22124.3     0.962132
      22124.4     0.972684
      22124.5     0.989392
      22124.6     0.993116
      22124.8     0.999816
      22124.9     0.981438
      22125.0     0.976449
      22125.1     0.965039
      22125.2     0.972657
      22125.3     0.975389
      22125.5     0.981893
      22125.6     0.977161
      22125.8     0.965904
      22125.8     0.946114
      22125.9     0.941577
      22126.0     0.934884
      22126.2     0.950702
      22126.3     0.960756
      22126.4     0.957135
      22126.5     0.951559
      22126.6     0.961215
      22126.8     0.965584
      22126.9     0.975259
      22127.0     0.968601
      22127.1     0.964746
      22127.2     0.960237
      22127.3     0.967199
      22127.5     0.969202
      22127.6     0.982397
      22127.8     0.982497
      22127.8      1.00225
      22127.9     0.990178
      22128.0     0.992083
      22128.2     0.974346
      22128.3     0.977948
      22128.4     0.967464
      22128.5     0.987733
      22128.6     0.984881
      22128.8     0.995464
      22128.9     0.991841
      22129.0     0.991517
      22129.1     0.977997
      22129.2     0.941666
      22129.3     0.979734
      22129.5      1.00284
      22129.6     0.995121
      22129.8     0.998269
      22129.8     0.988936
      22129.9     0.985726
      22130.0     0.968173
      22130.2     0.976071
      22130.3     0.981596
      22130.4     0.994656
      22130.5     0.987087
      22130.6     0.980785
      22130.8     0.990087
      22130.9     0.992653
      22131.0     0.994501
      22131.1     0.994045
      22131.2     0.982996
      22131.3      1.00245
      22131.5     0.984749
      22131.6     0.959100
      22131.8     0.937412
      22131.8     0.946461
      22131.9     0.960112
      22132.0     0.986551
      22132.2      1.00646
      22132.3      1.02079
      22132.4      1.01819
      22132.5      1.00177
      22132.6     0.977380
      22132.8     0.966250
      22132.9     0.981949
      22133.0      1.00332
      22133.1      1.00062
      22133.2     0.999827
      22133.3     0.992473
      22133.5     0.981032
      22133.6     0.960374
      22133.8     0.952675
      22133.8     0.953625
      22133.9     0.966046
      22134.0     0.964250
      22134.2     0.961637
      22134.3     0.981042
      22134.4     0.993793
      22134.5      1.00576
      22134.6      1.00818
      22134.8      1.00511
      22134.9      1.00788
      22135.0     0.994033
      22135.1     0.993175
      22135.2     0.982207
      22135.3     0.988091
      22135.4     0.984311
      22135.6     0.981778
      22135.8     0.980765
      22135.8     0.992875
      22135.9     0.989572
      22136.0     0.997357
      22136.2     0.988313
      22136.3     0.998849
      22136.4     0.995735
      22136.5     0.994495
      22136.6     0.996687
      22136.8     0.998697
      22136.9      1.00141
      22137.0      1.00250
      22137.1     0.998050
      22137.2      1.00363
      22137.3      1.00039
      22137.4     0.991751
      22137.6     0.976997
      22137.8     0.978963
      22137.8     0.989269
      22137.9      1.00337
      22138.0     0.995355
      22138.1     0.990338
      22138.3     0.974106
      22138.4     0.962292
      22138.5     0.963717
      22138.6     0.980572
      22138.8     0.994103
      22138.9     0.998653
      22139.0     0.981925
      22139.1     0.990149
      22139.2     0.993397
      22139.3     0.996598
      22139.4      1.00561
      22139.6     0.993263
      22139.8     0.996340
      22139.8     0.981943
      22139.9     0.965437
      22140.0     0.954012
      22140.1     0.961936
      22140.3     0.967117
      22140.4     0.958564
      22140.5     0.967735
      22140.6     0.975461
      22140.8     0.985436
      22140.8     0.988126
      22141.0     0.996199
      22141.1     0.995484
      22141.2      1.00244
      22141.3      1.00033
      22141.4     0.993119
      22141.6     0.958162
      22141.8     0.951082
      22141.8     0.949573
      22141.9     0.981683
      22142.0      1.00819
      22142.1      1.01108
      22142.3      1.00158
      22142.4      1.00496
      22142.5     0.996487
      22142.6     0.987617
      22142.8     0.979588
      22142.8     0.979995
      22143.0     0.968155
      22143.1     0.967553
      22143.2     0.958325
      22143.3     0.959865
      22143.4     0.960361
      22143.5     0.981869
      22143.8     0.999144
      22143.8     0.988275
      22143.9     0.968265
      22144.0     0.965432
      22144.1     0.973597
      22144.2     0.993275
      22144.4      1.00806
      22144.5      1.01654
      22144.6      1.00637
      22144.8     0.989886
      22144.8     0.971221
      22144.9     0.967923
      22145.1     0.982366
      22145.2     0.999345
      22145.3     0.993948
      22145.4     0.996731
      22145.5     0.980499
      22145.8     0.974246
      22145.8     0.958827
      22145.9     0.957488
      22146.0     0.952789
      22146.1     0.952848
      22146.2     0.973519
      22146.4     0.984161
      22146.5     0.982726
      22146.6     0.982756
      22146.8     0.958682
      22146.8     0.958778
      22146.9     0.959968
      22147.1     0.972935
      22147.2     0.976087
      22147.3     0.967168
      22147.4     0.963698
      22147.5     0.978346
      22147.6     0.990304
      22147.8     0.991797
      22147.9     0.995887
      22148.0     0.995824
      22148.1     0.998678
      22148.2      1.00465
      22148.3      1.00653
      22148.5     0.998243
      22148.6     0.972381
      22148.8     0.953700
      22148.8     0.936648
      22148.9     0.946428
      22149.0     0.962239
      22149.2     0.982138
      22149.3     0.980062
      22149.4     0.998617
      22149.5     0.987756
      22149.6     0.975410
      22149.8     0.953519
      22149.9     0.960392
      22150.0     0.972835
      22150.1     0.982967
      22150.2     0.973063
      22150.3     0.969798
      22150.4     0.959255
      22150.6     0.945983
      22150.8     0.951976
      22150.8     0.958655
      22150.9     0.977677
      22151.0     0.990631
      22151.1     0.991652
      22151.3     0.980946
      22151.4     0.971397
      22151.5     0.988706
      22151.6     0.996485
      22151.8      1.00135
      22151.8     0.990248
      22152.0     0.974794
      22152.1     0.953541
      22152.2     0.957363
      22152.3     0.981067
      22152.4     0.981145
      22152.5     0.984668
      22152.8     0.982855
      22152.8     0.965707
      22152.9     0.943103
      22153.0     0.926372
      22153.1     0.929770
      22153.2     0.938947
      22153.4     0.968150
      22153.5     0.962361
      22153.6     0.977095
      22153.8     0.969855
      22153.8     0.959718
      22153.9     0.948910
      22154.1     0.968628
      22154.2     0.955371
      22154.3     0.966024
      22154.4     0.973436
      22154.5     0.992082
      22154.6      1.00556
      22154.8      1.00197
      22154.9     0.985358
      22155.0     0.984690
      22155.1     0.971662
      22155.2     0.960380
      22155.3     0.959345
      22155.5     0.971546
      22155.6     0.981596
      22155.8     0.981537
      22155.8     0.983109
      22155.9     0.982348
      22156.0     0.970196
      22156.2     0.948051
      22156.3     0.943297
      22156.4     0.971113
      22156.5     0.975767
      22156.6     0.974413
      22156.8     0.948913
      22156.9     0.937559
      22157.0     0.948871
      22157.1     0.959112
      22157.2     0.959871
      22157.3     0.976252
      22157.4     0.969470
      22157.6     0.966503
      22157.8     0.942877
      22157.8     0.971822
      22157.9     0.942190
      22158.0     0.968061
      22158.1     0.984410
      22158.3     0.996515
      22158.4     0.991689
      22158.5     0.994595
      22158.6     0.988398
      22158.8     0.995226
      22158.8     0.991301
      22159.0     0.993007
      22159.1     0.992294
      22159.2     0.985469
      22159.3     0.978846
      22159.4      1.04821
      22159.5      1.00100
      22159.8     0.996592
      22159.8      1.00211
      22159.9     0.996763
      22160.0     0.989107
      22160.1     0.998871
      22160.2      1.00030
      22160.4     0.994470
      22160.5     0.980775
      22160.6     0.973366
      22160.8     0.947487
      22160.8     0.920203
      22160.9     0.915945
      22161.0      1.01509
      22161.2     0.937864
      22161.3     0.933065
      22161.4     0.944906
      22161.5     0.966014
      22161.6     0.947547
      22161.8     0.943854
      22161.9     0.953446
      22162.0     0.952106
      22162.1     0.968456
      22162.2     0.965240
      22162.3     0.948735
      22162.4     0.941332
      22162.6     0.945742
      22162.8     0.969878
      22162.8     0.975162
      22162.9     0.990167
      22163.0     0.988629
      22163.1     0.990164
      22163.3     0.976632
      22163.4     0.973319
      22163.5     0.966887
      22163.6     0.952341
      22163.8     0.959918
      22163.8     0.955937
      22163.9     0.965454
      22164.1     0.974286
      22164.2     0.989624
      22164.3     0.987617
      22164.4     0.974531
      22164.5     0.977774
      22164.6     0.965517
      22164.8     0.968824
      22164.9     0.960875
      22165.0     0.945812
      22165.1     0.945962
      22165.2     0.942398
      22165.3     0.939621
      22165.5     0.946539
      22165.6     0.952466
      22165.8     0.964323
      22165.8     0.957918
      22165.9     0.956091
      22166.0     0.950003
      22166.1     0.957371
      22166.3     0.955062
      22166.4     0.955281
      22166.5     0.954224
      22166.6     0.971243
      22166.8     0.945633
      22166.8     0.948195
      22167.0     0.950893
      22167.1     0.975066
      22167.2     0.969599
      22167.3     0.965701
      22167.4     0.949575
      22167.5     0.945550
      22167.8     0.945770
      22167.8     0.939057
      22167.9     0.940628
      22168.0     0.969852
      22168.1     0.970977
      22168.2     0.984288
      22168.3     0.963712
      22168.5     0.951252
      22168.6     0.947585
      22168.8     0.967799
      22168.8     0.976940
      22168.9     0.986523
      22169.0     0.990109
      22169.2     0.985988
      22169.3     0.993952
      22169.4     0.990182
      22169.5     0.975572
      22169.6     0.979111
      22169.8     0.976303
      22169.8     0.987494
      22170.0     0.974019
      22170.1     0.985256
      22170.2     0.973154
      22170.3     0.955005
      22170.4     0.925103
      22170.5     0.944673
      22170.8     0.964350
      22170.8     0.969642
      22170.9     0.958793
      22171.0     0.962640
      22171.1     0.970745
      22171.2     0.961506
      22171.3     0.949131
      22171.5     0.944948
      22171.6     0.959839
      22171.8     0.964183
      22171.8     0.969792
      22171.9     0.977922
      22172.0     0.972947
      22172.1     0.967110
      22172.3     0.980392
      22172.4     0.975202
      22172.5     0.991827
      22172.6      1.00676
      22172.8     0.998298
      22172.8     0.987443
      22173.0     0.982824
      22173.1     0.989069
      22173.2     0.983436
      22173.3     0.983804
      22173.4     0.978552
      22173.5     0.970252
      22173.6     0.963720
      22173.8     0.967167
      22173.9     0.965944
      22174.0     0.968869
      22174.1     0.971484
      22174.2     0.962388
      22174.3     0.948233
      22174.4     0.967703
      22174.6     0.973509
      22174.8     0.979523
      22174.8     0.977339
      22174.9     0.985513
      22175.0      1.00144
      22175.1      1.00299
      22175.3     0.989084
      22175.4     0.969858
      22175.5     0.964180
      22175.6     0.973301
      22175.8     0.963348
      22175.8     0.973501
      22175.9     0.988556
      22176.1     0.966510
      22176.2     0.949704
      22176.3     0.959033
      22176.4     0.954404
      22176.5     0.955722
      22176.6     0.956074
      22176.8     0.961935
      22176.9     0.961615
      22177.0     0.973755
      22177.1     0.969983
      22177.2     0.955471
      22177.3     0.944779
      22177.4     0.955410
      22177.5     0.965238
      22177.8     0.980693
      22177.8     0.984851
      22177.9      1.00351
      22178.0     0.999469
      22178.1      1.00214
      22178.2     0.994191
      22178.3      1.00261
      22178.5     0.991809
      22178.6      1.00309
      22178.8     0.994508
      22178.8     0.992404
      22178.9     0.987402
      22179.0     0.979006
      22179.2     0.989603
      22179.3     0.991722
      22179.4     0.985031
      22179.5     0.982391
      22179.6     0.982872
      22179.8     0.983419
      22179.8     0.976319
      22180.0     0.965522
      22180.1     0.955935
      22180.2     0.963455
      22180.3     0.960408
      22180.4     0.961777
      22180.5     0.972958
      22180.6     0.975825
      22180.8     0.978946
      22180.9     0.993330
      22181.0     0.991016
      22181.1      1.00052
      22181.2      1.00235
      22181.3      1.00248
      22181.4     0.984778
      22181.6     0.976741
      22181.8     0.977705
      22181.8      1.00312
      22181.9     0.970853
      22182.0     0.942636
      22182.1     0.945444
      22182.2     0.943920
      22182.3     0.930193
      22182.5     0.938426
      22182.6     0.931049
      22182.8     0.936831
      22182.8     0.952962
      22182.9     0.964171
      22183.0     0.960220
      22183.1     0.967120
      22183.3     0.964661
      22183.4     0.962778
      22183.5     0.969228
      22183.6     0.968172
      22183.8     0.949255
      22183.8     0.935321
      22183.9     0.924826
      22184.1     0.930147
      22184.2     0.932321
      22184.3     0.953384
      22184.4     0.969063
      22184.5     0.986175
      22184.6     0.963857
      22184.8     0.962893
      22184.9     0.967223
      22185.0     0.976000
      22185.1     0.966806
      22185.2     0.966845
      22185.3     0.978454
      22185.4     0.977779
      22185.5     0.974149
      22185.8     0.975250
      22185.8     0.975979
      22185.9     0.976685
      22186.0     0.949178
      22186.1     0.925134
      22186.2     0.906194
      22186.3     0.917979
      22186.4     0.937697
      22186.6     0.973408
      22186.8     0.972186
      22186.8     0.966481
      22186.9     0.960706
      22187.0     0.955059
      22187.1     0.954695
      22187.2     0.961635
      22187.4     0.987342
      22187.5     0.995078
      22187.6      1.00014
      22187.8      1.00526
      22222.1     0.977593
      22222.2     0.978202
      22222.3     0.968613
      22222.4     0.977421
      22222.5     0.986069
      22222.7     0.996821
      22222.8      1.00444
      22222.9      1.00113
      22223.0      1.00643
      22223.1     0.997227
      22223.3     0.998147
      22223.4     0.983663
      22223.5     0.972560
      22223.6     0.960627
      22223.7     0.945416
      22223.8     0.940651
      22224.0     0.955257
      22224.1     0.961646
      22224.2     0.975329
      22224.3     0.972098
      22224.4     0.982493
      22224.5     0.990288
      22224.7     0.988978
      22224.8     0.978172
      22224.9     0.967362
      22225.0     0.952912
      22225.1     0.956962
      22225.3     0.956282
      22225.4     0.954019
      22225.5     0.943324
      22225.6     0.930429
      22225.7     0.935694
      22225.8     0.959621
      22226.0     0.973182
      22226.1     0.963127
      22226.2     0.958460
      22226.3     0.983739
      22226.4     0.994068
      22226.5      1.00121
      22226.7     0.996535
      22226.8     0.995485
      22226.9     0.990467
      22227.0     0.992562
      22227.1     0.989979
      22227.3     0.999830
      22227.4     0.999957
      22227.5     0.995108
      22227.6     0.988803
      22227.7     0.973161
      22227.8     0.955113
      22228.0     0.938635
      22228.1     0.936989
      22228.2     0.959580
      22228.3     0.963831
      22228.4     0.968121
      22228.5     0.977121
      22228.7     0.983182
      22228.8     0.981763
      22228.9     0.973846
      22229.0     0.975766
      22229.1     0.980551
      22229.2     0.984715
      22229.4     0.987217
      22229.5     0.980054
      22229.6     0.965048
      22229.7     0.960101
      22229.8     0.970702
      22230.0     0.958397
      22230.1     0.934777
      22230.2     0.929117
      22230.3     0.920676
      22230.4     0.921582
      22230.5     0.930447
      22230.7     0.916816
      22230.8     0.917247
      22230.9     0.908694
      22231.0     0.901428
      22231.1     0.888625
      22231.2     0.875817
      22231.4     0.856163
      22231.5     0.842850
      22231.6     0.826515
      22231.7     0.841959
      22231.8     0.836367
      22231.9     0.862985
      22232.1     0.842035
      22232.2     0.827281
      22232.3     0.837258
      22232.4     0.840413
      22232.5     0.834021
      22232.6     0.843038
      22232.8     0.864415
      22232.9     0.886794
      22233.0     0.881165
      22233.1     0.858084
      22233.2     0.841078
      22233.3     0.831160
      22233.5     0.834471
      22233.6     0.851660
      22233.7     0.854336
      22233.8     0.860607
      22233.9     0.866075
      22234.0     0.878084
      22234.2     0.888989
      22234.3     0.901132
      22234.4     0.915702
      22234.5     0.915343
      22234.6     0.916635
      22234.7     0.918869
      22234.9     0.930796
      22235.0     0.941097
      22235.1     0.939926
      22235.2     0.954081
      22235.3     0.975946
      22235.4     0.968888
      22235.6     0.971302
      22235.7     0.964660
      22235.8     0.968251
      22235.9     0.965584
      22236.0     0.967750
      22236.1     0.965695
      22236.3     0.954411
      22236.4     0.933482
      22236.5     0.941608
      22236.6     0.996145
      22236.7      1.02407
      22236.8     0.998938
      22237.0     0.986296
      22237.1     0.984829
      22237.2     0.991422
      22237.3     0.997895
      22237.4     0.996572
      22237.5     0.988597
      22237.7     0.991038
      22237.8     0.995088
      22237.9     0.996773
      22238.0      1.00041
      22238.1      1.00158
      22238.2     0.999756
      22238.4     0.988988
      22238.5     0.986510
      22238.6     0.989101
      22238.7      1.00063
      22238.8      1.00032
      22238.9     0.989954
      22239.0     0.981883
      22239.2     0.969126
      22239.3     0.955653
      22239.4     0.969714
      22239.5     0.971620
      22239.6     0.980849
      22239.7     0.982180
      22239.9     0.990158
      22240.0      1.00173
      22240.1      1.00233
      22240.2     0.994857
      22240.3     0.981733
      22240.4     0.963839
      22240.6     0.957287
      22240.7     0.961904
      22240.8     0.992572
      22240.9      1.01188
      22241.0     0.996314
      22241.1     0.986428
      22241.3      1.00041
      22241.4     0.997625
      22241.5      1.00837
      22241.6     0.991443
      22241.7     0.999708
      22241.8     0.993654
      22241.9     0.995599
      22242.1     0.987029
      22242.2     0.976725
      22242.3     0.978613
      22242.4     0.996736
      22242.5      1.00077
      22242.6     0.999050
      22242.8      1.00008
      22242.9     0.988755
      22243.0     0.991800
      22243.1     0.996672
      22243.2      1.00152
      22243.3      1.01249
      22243.5     0.997974
      22243.6     0.987699
      22243.7     0.977303
      22243.8     0.976751
      22243.9     0.981032
      22244.0     0.990215
      22244.1     0.987793
      22244.3     0.998517
      22244.4     0.990268
      22244.5     0.992376
      22244.6     0.992362
      22244.7     0.988889
      22244.8     0.988202
      22245.0     0.998921
      22245.1      1.00236
      22245.2     0.996161
      22245.3     0.987633
      22245.4     0.992822
      22245.5     0.991336
      22245.7     0.979865
      22245.8     0.967264
      22245.9     0.964728
      22246.0     0.965094
      22246.1     0.971393
      22246.2     0.973557
      22246.3     0.979955
      22246.5     0.991329
      22246.6     0.999685
      22246.7     0.985503
      22246.8     0.953363
      22246.9     0.907385
      22247.0     0.907807
      22247.2     0.982894
      22247.3     0.983094
      22247.4     0.998383
      22247.5     0.994031
      22247.6     0.979895
      22247.7     0.962545
      22247.8     0.943956
      22248.0     0.939772
      22248.1     0.950080
      22248.2     0.964484
      22248.3     0.974251
      22248.4     0.986690
      22248.5     0.983897
      22248.7     0.980226
      22248.8     0.993143
      22248.9     0.994533
      22249.0     0.839588
      22249.1     0.995046
      22249.2     0.982065
      22249.3     0.974988
      22249.5     0.972913
      22249.6      1.00448
      22249.7      1.00937
      22249.8      1.01943
      22249.9      1.02449
      22250.0      1.01630
      22250.1      1.01258
      22250.3      1.00976
      22250.4      1.00410
      22250.5     0.999031
      22250.6     0.989646
      22250.7     0.972288
      22250.8     0.964330
      22251.0     0.974985
      22251.1     0.985958
      22251.2     0.992520
      22251.3      1.00301
      22251.4     0.998873
      22251.5     0.987489
      22251.6     0.976959
      22251.8     0.978203
      22251.9     0.974565
      22252.0     0.967174
      22252.1     0.973390
      22252.2     0.988422
      22252.3      1.00444
      22252.4      1.00683
      22252.6     0.994906
      22252.7     0.982437
      22252.8     0.978449
      22252.9     0.979004
      22253.0     0.969072
      22253.1     0.962805
      22253.3     0.962610
      22253.4     0.975798
      22253.5     0.988063
      22253.6     0.980988
      22253.7      1.00226
      22253.8     0.993141
      22253.9     0.999271
      22254.1     0.983528
      22254.2     0.987559
      22254.3     0.983556
      22254.4     0.978708
      22254.5     0.982179
      22254.6     0.986462
      22254.7     0.988457
      22254.9     0.989413
      22255.0     0.995059
      22255.1     0.991597
      22255.2     0.996803
      22255.3     0.997248
      22255.4     0.985720
      22255.5     0.974801
      22255.7     0.969096
      22255.8     0.963329
      22255.9     0.948081
      22256.0     0.936672
      22256.1     0.918677
      22256.2     0.897177
      22256.4     0.881970
      22256.5     0.879634
      22256.6     0.887116
      22256.7     0.883362
      22256.8     0.888983
      22256.9     0.892055
      22257.0     0.880767
      22257.2     0.884981
      22257.3     0.894369
      22257.4     0.901251
      22257.5     0.901003
      22257.6     0.896653
      22257.7     0.900556
      22257.8     0.913546
      22258.0     0.926607
      22258.1     0.928559
      22258.2     0.922602
      22258.3     0.921050
      22258.4     0.926074
      22258.5     0.932136
      22258.6     0.921049
      22258.8     0.896127
      22258.9     0.888847
      22259.0     0.897047
      22259.1     0.923686
      22259.2     0.932159
      22259.3     0.914703
      22259.4     0.903978
      22259.6     0.905210
      22259.7     0.923782
      22259.8     0.926071
      22259.9     0.920636
      22260.0     0.915612
      22260.1     0.900318
      22260.2     0.895389
      22260.4     0.889967
      22260.5     0.890773
      22260.6     0.896114
      22260.7     0.896742
      22260.8     0.895506
      22260.9     0.892062
      22261.0     0.934545
      22261.2     0.953116
      22261.3     0.915379
      22261.4     0.986963
      22261.5     0.924546
      22261.6     0.951248
      22261.7     0.966169
      22261.8     0.966726
      22262.0     0.981595
      22262.1     0.986274
      22262.2     0.979160
      22262.3     0.985393
      22262.4     0.987589
      22262.5     0.987620
      22262.6     0.981537
      22262.8     0.961385
      22262.9     0.961097
      22263.0     0.953990
      22263.1     0.954020
      22263.2     0.964931
      22263.3     0.985318
      22263.4     0.975098
      22263.6     0.957372
      22263.7     0.949484
      22263.8     0.959493
      22263.9     0.970923
      22264.0     0.971862
      22264.1     0.973556
      22264.2     0.976920
      22264.4     0.964879
      22264.5     0.954978
      22264.6     0.967045
      22264.7     0.979076
      22264.8     0.993420
      22264.9      1.00269
      22265.0     0.981666
      22265.1     0.976754
      22265.3     0.974953
      22265.4     0.978913
      22265.5     0.978035
      22265.6     0.989152
      22265.7     0.998978
      22265.8      1.02319
      22265.9      1.03114
      22266.1     0.993334
      22266.2     0.984465
      22266.3     0.980754
      22266.4     0.984119
      22266.5     0.957928
      22266.6     0.905524
      22266.7     0.905308
      22266.9     0.924051
      22267.0     0.984034
      22267.1     0.917837
      22267.2     0.918957
      22267.3     0.894677
      22267.4     0.881537
      22267.5     0.889777
      22267.7     0.922347
      22267.8     0.942620
      22267.9     0.970904
      22268.0     0.985590
      22268.1     0.984570
      22268.2     0.963875
      22268.3     0.964468
      22268.4     0.960521
      22268.6     0.952998
      22268.7     0.928677
      22268.8     0.927583
      22268.9     0.938671
      22269.0     0.965272
      22269.1     0.961276
      22269.2     0.953181
      22269.4     0.927377
      22269.5     0.919883
      22269.6     0.928892
      22269.7     0.939651
      22269.8     0.955634
      22269.9     0.979333
      22270.0     0.989879
      22270.2     0.998662
      22270.3     0.975712
      22270.4     0.950189
      22270.5     0.909960
      22270.6     0.909160
      22270.7     0.934870
      22270.8     0.975025
      22270.9     0.974671
      22271.1     0.982643
      22271.2     0.984146
      22271.3     0.985285
      22271.4     0.978197
      22271.5     0.987086
      22271.6     0.988726
      22271.7     0.992767
      22271.9     0.987640
      22272.0     0.970016
      22272.1     0.962606
      22272.2     0.960857
      22272.3     0.959002
      22272.4     0.947913
      22272.5     0.936041
      22272.7     0.930531
      22272.8     0.913599
      22272.9     0.893054
      22273.0     0.883320
      22273.1     0.880740
      22273.2     0.882543
      22273.3     0.900425
      22273.4     0.874585
      22273.6     0.852403
      22273.7     0.832410
      22273.8     0.841918
      22273.9     0.847893
      22274.0     0.862601
      22274.1     0.879369
      22274.2     0.883001
      22274.4     0.882294
      22274.5     0.859883
      22274.6     0.844257
      22274.7     0.846737
      22274.8     0.855179
      22274.9     0.865707
      22275.0     0.883074
      22275.1     0.893939
      22275.3     0.901517
      22275.4     0.899742
      22275.5     0.894284
      22275.6     0.907276
      22275.7     0.912553
      22275.8     0.918844
      22275.9     0.930519
      22276.1     0.938644
      22276.2     0.939656
      22276.3     0.930338
      22276.4     0.923209
      22276.5     0.942664
      22276.6     0.925771
      22276.7     0.940103
      22276.8     0.943153
      22277.0     0.944867
      22277.1     0.953616
      22277.2     0.966399
      22277.3     0.975087
      22277.4     0.993765
      22277.5     0.992633
      22277.6     0.990729
      22277.7     0.985475
      22277.9     0.984169
      22278.0     0.989070
      22278.1     0.988753
      22278.2     0.967434
      22278.3     0.957833
      22278.4     0.942955
      22278.5     0.951107
      22278.7     0.949530
      22278.8     0.958034
      22278.9     0.961909
      22279.0     0.974785
      22279.1     0.986440
      22279.2      1.00381
      22279.3     0.994155
      22279.4     0.998506
      22279.6     0.988312
      22279.7      1.00033
      22279.8     0.996352
      22279.9      1.00161
      22280.0     0.995960
      22280.1     0.981013
      22280.2     0.951425
      22280.3     0.939849
      22280.5     0.940990
      22280.6     0.959445
      22280.7     0.966542
      22280.8     0.982696
      22280.9     0.988085
      22281.0     0.986973
      22281.1     0.973890
      22281.3     0.966704
      22281.4     0.954410
      22281.5     0.946711
      22281.6     0.953185
      22281.7     0.973026
      22281.8     0.973620
      22281.9     0.943412
      22282.0     0.916240
      22282.2     0.913531
      22282.3     0.945394
      22282.4     0.964023
      22282.5     0.959145
      22282.6     0.961043
      22282.7     0.970111
      22282.8     0.986547
      22282.9     0.984219
      22283.1     0.992747
      22283.2     0.981374
      22283.3     0.978969
      22283.4     0.968289
      22283.5     0.971622
      22283.6     0.981489
      22283.7     0.974562
      22283.8     0.942047
      22284.0     0.905070
      22284.1     0.896607
      22284.2     0.916031
      22284.3     0.937003
      22284.4     0.968085
      22284.5     0.972141
      22284.6     0.971417
      22284.8     0.959354
      22284.9     0.941880
      22285.0     0.940558
      22285.1     0.954389
      22285.2     0.957978
      22285.3     0.953001
      22285.4     0.935860
      22285.5     0.948203
      22285.7     0.958995
      22285.8     0.988332
      22285.9     0.997995
      22286.0     0.977759
      22286.1     0.971976
      22286.2     0.966522
      22286.3     0.962734
      22286.4     0.973064
      22286.6     0.996039
      22286.7     0.983393
      22286.8     0.968994
      22286.9     0.975508
      22287.0     0.978379
      22287.1     0.988540
      22287.2     0.971609
      22287.3     0.967406
      22287.5     0.986218
      22287.6     0.999861
      22287.7     0.998931
      22287.8     0.998536
      22287.9     0.995688
      22288.0     0.989591
      22288.1     0.989769
      22288.2     0.994405
      22288.4     0.990127
      22288.5     0.989704
      22288.6     0.965496
      22288.7     0.959836
      22288.8     0.965832
      22288.9     0.986628
      22289.0      1.00238
      22289.1      1.00977
      22289.3      1.00353
      22289.4      1.00175
      22289.5     0.992270
      22289.6     0.990417
      22289.7     0.974683
      22289.8     0.981501
      22289.9     0.982209
      22290.0     0.990668
      22290.2     0.985585
      22290.3     0.994321
      22290.4     0.973755
      22290.5     0.960695
      22290.6     0.927390
      22290.7     0.932225
      22290.8     0.959553
      22290.9     0.979955
      22291.1     0.990660
      22291.2     0.993731
      22291.3     0.979416
      22291.4     0.972770
      22291.5     0.975910
      22291.6     0.992762
      22291.7     0.989414
      22291.8     0.993120
      22292.0     0.981527
      22292.1     0.970554
      22292.2     0.962571
      22292.3     0.970172
      22292.4     0.967382
      22292.5     0.966078
      22292.6     0.946004
      22292.7     0.950770
      22292.9     0.962356
      22293.0     0.985258
      22293.1     0.984109
      22293.2     0.997243
      22293.3     0.991713
      22293.4     0.994820
      22293.5     0.988646
      22293.6     0.990663
      22293.8     0.966678
      22293.9     0.965114
      22294.0     0.965764
      22294.1     0.983500
      22294.2     0.984511
      22294.3     0.988996
      22294.4     0.993448
      22294.5     0.991150
      22294.7     0.991942
      22294.8     0.986863
      22294.9     0.966825
      22295.0     0.956357
      22295.1     0.948857
      22295.2     0.965704
      22295.3     0.977575
      22295.4     0.985557
      22295.6     0.987721
      22295.7     0.983810
      22295.8     0.965760
      22295.9     0.958956
      22296.0     0.914828
      22296.1     0.947462
      22296.2     0.935465
      22296.3     0.931258
      22296.4     0.933828
      22296.6     0.943182
      22296.7     0.958529
      22296.8     0.970301
      22296.9      1.08093
      22297.0     0.980262
      22297.1     0.961750
      22297.2     0.970771
      22297.3     0.969266
      22297.5     0.979563
      22297.6     0.988553
      22297.7     0.995282
      22297.8     0.988531
      22297.9     0.988078
      22298.0     0.975473
      22298.1     0.973673
      22298.2     0.953965
      22298.4     0.962581
      22298.5     0.977880
      22298.6      1.00017
      22298.7     0.982172
      22298.8     0.992851
      22298.9     0.995279
      22299.0     0.998824
      22299.1      1.00120
      22299.3     0.992824
      22299.4     0.973703
      22299.5     0.965175
      22299.6     0.968726
      22299.7     0.967960
      22299.8     0.940441
      22299.9     0.924831
      22300.0     0.939106
      22300.1     0.970570
      22300.3     0.990736
      22300.4     0.996057
      22300.5     0.993000
      22300.6      1.00528
      22300.7     0.992360
      22300.8     0.996627
      22300.9     0.999868
      22301.0     0.995652
      22301.2     0.996877
      22301.3     0.988312
      22301.4     0.979714
      22301.5     0.996673
      22301.6      1.00283
      22301.7      1.01190
      22301.8      1.00877
      22301.9      1.00094
      22302.1     0.989466
      22302.2     0.994153
      22302.3      1.00317
      22302.4      1.01910
      22302.5     0.998210
      22302.6      1.01421
      22302.7     0.983684
      22302.8     0.980818
      22302.9     0.972850
      22303.1     0.978286
      22303.2     0.984868
      22303.3     0.995601
      22303.4      1.00002
      22303.5      1.00004
      22303.6     0.993617
      22303.7     0.998274
      22303.8     0.991101
      22304.0     0.988534
      22304.1     0.984765
      22304.2     0.989244
      22304.3     0.975307
      22304.4     0.969504
      22304.5     0.954551
      22304.6     0.962468
      22304.7     0.973424
      22304.9     0.996478
      22305.0     0.998655
      22305.1      1.01037
      22305.2      1.00330
      22305.3     0.997878
      22305.4     0.979788
      22305.5     0.980680
      22305.6     0.967670
      22305.7     0.966920
      22305.9     0.955903
      22306.0     0.954887
      22306.1     0.967397
      22306.2     0.991001
      22306.3     0.995184
      22306.4      1.00138
      22306.5      1.00189
      22306.6      1.00360
      22306.8     0.977323
      22306.9     0.971450
      22307.0     0.956981
      22307.1     0.966912
      22307.2     0.969131
      22307.3     0.976874
      22307.4     0.976672
      22307.5     0.988189
      22307.6     0.988303
      22307.8     0.968772
      22307.9     0.946944
      22308.0     0.953860
      22308.1     0.948084
      22308.2     0.960674
      22308.3     0.964829
      22308.4     0.967798
      22308.5     0.952444
      22308.7     0.945117
      22308.8     0.942700
      22308.9     0.944024
      22309.0     0.943708
      22309.1     0.958521
      22309.2     0.943315
      22309.3     0.940516
      22309.4     0.947077
      22309.5     0.959558
      22309.7     0.953273
      22309.8     0.948786
      22309.9     0.941625
      22310.0     0.934248
      22310.1     0.933843
      22310.2     0.947736
      22310.3     0.962696
      22310.4     0.961044
      22310.6     0.948816
      22310.7     0.921500
      22310.8     0.890445
      22310.9     0.883763
      22311.0     0.954718
      22311.1     0.974383
      22311.2     0.963339
      22311.3     0.952720
      22311.4     0.938637
      22311.6     0.952102
      22311.7     0.951304
      22311.8     0.946418
      22311.9     0.935883
      22312.0     0.946714
      22312.1     0.950847
      22312.2     0.954310
      22312.3     0.952483
      22312.5     0.946626
      22312.6     0.931186
      22312.7     0.916961
      22312.8     0.916234
      22312.9     0.924578
      22313.0     0.944548
      22313.1     0.973885
      22313.2     0.984557
      22313.3     0.981603
      22313.5     0.982146
      22313.6     0.992459
      22313.7     0.984342
      22313.8     0.992078
      22313.9     0.985502
      22314.0     0.982482
      22314.1     0.963249
      22314.2     0.957253
      22314.4     0.947736
      22314.5     0.955406
      22314.6     0.957554
      22314.7     0.959835
      22314.8     0.964615
      22314.9     0.976675
      22315.0     0.980661
      22315.1     0.993908
      22315.2     0.995082
      22315.4     0.985693
      22315.5     0.981873
      22315.6     0.985154
      22315.7     0.974079
      22315.8     0.980374
      22315.9     0.980569
      22316.0     0.987671
      22316.1     0.983506
      22316.3     0.983653
      22316.4     0.976112
      22316.5     0.981263
      22316.6     0.979783
      22316.7     0.969223
      22316.8     0.959550
      22316.9     0.956911
      22317.0     0.958582
      22317.1     0.964356
      22317.3     0.971225
      22317.4     0.973065
      22317.5     0.987158
      22317.6     0.998629
      22317.7     0.997708
      22317.8     0.988297
      22317.9     0.989290
      22318.0      1.00179
      22318.1      1.00212
      22318.3     0.990513
      22318.4      1.00781
      22318.5      1.06709
      22318.6     0.994886
      22318.7     0.983837
      22318.8     0.984078
      22318.9     0.669935
      22319.0     0.988353
      22319.2     0.984755
      22319.3      1.01745
      22319.4     0.965105
      22319.5     0.959121
      22319.6     0.964118
      22319.7     0.977800
      22319.8     0.978366
      22319.9     0.984167
      22320.0      1.03054
      22320.2      1.03057
      22320.3      1.00627
      22320.4     0.995809
      22320.5     0.972478
      22320.6     0.979888
      22320.7     0.985822
      22320.8      1.00186
      22320.9      1.00995
      22321.0      1.00095
      22321.2     0.987274
      22321.3     0.983312
      22321.4     0.974465
      22321.5     0.984417
      22321.6     0.993975
      22321.7      1.00056
      22321.8     0.997502
      22321.9     0.996605
      22322.1     0.999794
      22322.2      1.02385
      22322.3     0.969296
      22322.4     0.919078
      22322.5      1.00745
      22322.6     0.983414
      22322.7     0.970184
      22322.8     0.960334
      22322.9     0.950183
      22323.1     0.938242
      22323.2     0.949705
      22323.3     0.964107
      22323.4     0.965411
      22323.5     0.944434
      22323.6     0.948889
      22323.7     0.980977
      22323.8     0.987118
      22323.9     0.963008
      22324.1     0.938385
      22324.2     0.927572
      22324.3     0.931837
      22324.4     0.943517
      22324.5     0.965446
      22324.6     0.974434
      22324.7     0.977458
      22324.8     0.977570
      22324.9     0.985113
      22325.1     0.974222
      22325.2     0.976750
      22325.3     0.973540
      22325.4     0.986832
      22325.5     0.998210
      22325.6      1.00153
      22325.7      1.00100
      22325.8     0.993136
      22326.0     0.970845
      22326.1     0.969892
      22326.2     0.969715
      22326.3     0.975864
      22326.4     0.981515
      22326.5     0.987710
      22326.6      1.00966
      22326.7     0.879647
      22326.8      1.02701
      22327.0      1.00466
      22327.1     0.982789
      22327.2     0.973311
      22327.3     0.973510
      22327.4     0.971664
      22327.5     0.978710
      22327.6     0.978517
      22327.7     0.975267
      22327.8     0.954250
      22328.0     0.906801
      22328.1     0.884099
      22328.2     0.872836
      22328.3     0.889089
      22328.4     0.909035
      22328.5     0.927288
      22328.6     0.963841
      22328.7     0.980403
      22328.8     0.986576
      22329.0     0.990232
      22329.1     0.996574
      22329.2     0.994395
      22329.3     0.993920
      22329.4     0.993027
      22329.5     0.983301
      22329.6     0.971000
      22329.7     0.975974
      22329.9     0.983664
      22330.0     0.979708
      22330.1     0.986803
      22330.2     0.978275
      22330.3     0.973406
      22330.4     0.971054
      22330.5     0.963414
      22330.6     0.972156
      22330.7     0.982063
      22330.9     0.991718
      22331.0     0.993162
      22331.1     0.991043
      22331.2     0.983953
      22331.3     0.961997
      22331.4     0.989392
      22331.5     0.930363
      22331.6     0.942059
      22331.7      1.01656
      22331.9     0.965753
      22332.0     0.967380
      22332.1     0.975826
      22332.2     0.976759
      22332.3     0.968708
      22332.4     0.958585
      22332.5     0.942766
      22332.6     0.949788
      22332.7     0.964450
      22332.9     0.979735
      22333.0     0.984869
      22333.1     0.978717
      22333.2     0.958113
      22333.3     0.946663
      22333.4     0.960521
      22333.5     0.979139
      22333.6     0.983490
      22333.8     0.984032
      22333.9     0.974473
      22334.0     0.968037
      22334.1     0.957710
      22334.2     0.959520
      22334.3     0.964876
      22334.4     0.964895
      22334.5     0.976413
      22334.6     0.983516
      22334.8     0.995099
      22334.9     0.978137
      22335.0     0.980795
      22335.1     0.990933
      22335.2     0.995212
      22335.3     0.984125
      22335.4     0.970060
      22335.5     0.949532
      22335.6     0.963071
      22335.8     0.973680
      22335.9     0.991473
      22336.0     0.999121
      22336.1      1.00138
      22336.2      1.00076
      22336.3     0.992459
      22336.4     0.982668
      22336.5     0.970993
      22336.6     0.978200
      22336.8     0.983351
      22336.9     0.977948
      22337.0     0.971084
      22337.1     0.979720
      22337.2     0.982065
      22337.3     0.980976
      22337.4     0.982954
      22337.5     0.976401
      22337.6     0.978297
      22337.8     0.968766
