22069.20000 1.01795 0.99442
22069.30000 1.01201 0.99559
22069.40000 0.99938 0.99604
22069.60000 0.99822 0.99626
22069.80000 0.98314 0.99629
22069.80000 0.99985 0.99629
22069.90000 0.99304 0.99630
22070.00000 0.98830 0.99630
22070.10000 0.95941 0.99629
22070.20000 0.95058 0.99628
22070.40000 0.95489 0.99623
22070.50000 0.96669 0.99619
22070.60000 0.93609 0.99613
22070.80000 0.90871 0.99596
22070.80000 0.87628 0.99596
22070.90000 0.88727 0.99581
22071.00000 0.91376 0.99558
22071.20000 0.94251 0.99467
22071.30000 0.96176 0.99388
22071.40000 0.96836 0.99282
22071.50000 0.98367 0.99152
22071.60000 0.97319 0.99004
22071.80000 0.97483 0.98714
22071.80000 0.98216 0.98714
22072.00000 0.97401 0.98529
22072.10000 0.97114 0.98492
22072.20000 0.94856 0.98485
22072.30000 0.95510 0.98495
22072.40000 0.97153 0.98503
22072.50000 0.97814 0.98496
22072.80000 0.98328 0.98363
22072.80000 0.99152 0.98363
22072.90000 0.99270 0.98320
22073.00000 0.99852 0.98307
22073.10000 1.00710 0.98337
22073.20000 1.00475 0.98412
22073.30000 0.98977 0.98523
22073.50000 0.99175 0.98793
22073.60000 0.97029 0.98924
22073.80000 0.94311 0.99137
22073.80000 0.82467 0.99137
22073.90000 0.90767 0.99215
22074.00000 0.94343 0.99275
22074.20000 0.95316 0.99331
22074.30000 0.95778 0.99328
22074.40000 0.95963 0.99314
22074.50000 0.95638 0.99299
22074.60000 0.95683 0.99293
22074.80000 0.95673 0.99305
22074.80000 0.94419 0.99305
22075.00000 0.91635 0.99302
22075.10000 0.91303 0.99289
22075.20000 0.94576 0.99281
22075.30000 0.97334 0.99288
22075.40000 0.96910 0.99308
22075.50000 0.96103 0.99337
22075.80000 0.94073 0.99389
22075.80000 0.91695 0.99389
22075.90000 0.91938 0.99387
22076.00000 0.92610 0.99378
22076.10000 0.92889 0.99365
22076.20000 0.93582 0.99346
22076.30000 0.92424 0.99321
22076.50000 0.89041 0.99251
22076.60000 0.90412 0.99212
22076.80000 0.93454 0.99155
22076.80000 0.95391 0.99155
22076.90000 0.93957 0.99141
22077.00000 0.92187 0.99132
22077.20000 0.90212 0.99107
22077.30000 0.89148 0.99086
22077.40000 0.88928 0.99062
22077.50000 0.87252 0.99037
22077.60000 0.87877 0.99011
22077.80000 0.89247 0.98950
22077.80000 0.91390 0.98950
22078.00000 0.92652 0.98867
22078.10000 0.92477 0.98826
22078.20000 0.91865 0.98792
22078.30000 0.92875 0.98767
22078.40000 0.93106 0.98746
22078.50000 0.95047 0.98721
22078.80000 0.93641 0.98569
22078.80000 0.92593 0.98569
22078.90000 0.94670 0.98472
22079.00000 0.95556 0.98339
22079.10000 0.96065 0.98163
22079.20000 0.95885 0.97941
22079.30000 0.94613 0.97683
22079.50000 0.93216 0.97183
22079.60000 0.92140 0.97004
22079.80000 0.92937 0.96764
22079.80000 0.93626 0.96764
22079.90000 0.92583 0.96656
22080.00000 0.90510 0.96547
22080.20000 0.88912 0.96416
22080.30000 0.88066 0.96423
22080.40000 0.86793 0.96452
22080.50000 0.86286 0.96462
22080.60000 0.89186 0.96421
22080.80000 0.89685 0.96152
22080.90000 0.89299 0.95929
22081.00000 0.89189 0.95658
22081.10000 0.89923 0.95342
22081.20000 0.89308 0.94981
22081.30000 0.89498 0.94573
22081.40000 0.88970 0.94110
22081.50000 0.86161 0.93587
22081.80000 0.84733 0.91564
22081.80000 0.82929 0.91564
22081.90000 0.80122 0.90701
22082.00000 0.81068 0.89724
22082.10000 0.81280 0.88622
22082.20000 0.81486 0.87382
22082.40000 0.80396 0.84426
22082.50000 0.78942 0.82676
22082.60000 0.76963 0.80752
22082.80000 0.74833 0.76611
22082.80000 0.72860 0.76611
22082.90000 0.72287 0.74604
22083.10000 0.72855 0.71484
22083.20000 0.73667 0.70674
22083.30000 0.76455 0.70481
22083.40000 0.78822 0.70821
22083.50000 0.79418 0.71396
22083.60000 0.79007 0.71831
22083.80000 0.77405 0.71526
22083.90000 0.75684 0.70953
22084.00000 0.73959 0.70523
22084.10000 0.73328 0.70573
22084.20000 0.72877 0.71238
22084.30000 0.73526 0.72473
22084.40000 0.72625 0.74155
22084.60000 0.71791 0.78203
22084.80000 0.72694 0.82234
22084.80000 0.73281 0.82234
22084.90000 0.74763 0.84029
22085.00000 0.77983 0.85637
22085.10000 0.81244 0.87069
22085.30000 0.84438 0.89481
22085.40000 0.86780 0.90489
22085.50000 0.88492 0.91379
22085.60000 0.87559 0.92165
22085.80000 0.89092 0.93470
22085.80000 0.89713 0.93470
22086.00000 0.91409 0.94491
22086.10000 0.91827 0.94918
22086.20000 0.93785 0.95298
22086.30000 0.92852 0.95638
22086.40000 0.93546 0.95942
22086.50000 0.93615 0.96215
22086.80000 0.93488 0.96879
22086.80000 0.94220 0.96879
22086.90000 0.94864 0.97053
22087.00000 0.94918 0.97201
22087.10000 0.95089 0.97311
22087.20000 0.96007 0.97368
22087.40000 0.95539 0.97235
22087.50000 0.96703 0.97044
22087.60000 0.97107 0.96849
22087.80000 0.96762 0.96819
22087.80000 0.96989 0.96819
22087.90000 0.96555 0.97067
22088.00000 0.97091 0.97432
22088.20000 0.96918 0.98078
22088.30000 0.97304 0.98194
22088.40000 0.97676 0.98138
22088.50000 0.98867 0.97938
22088.60000 0.99124 0.97674
22088.80000 0.97862 0.97443
22088.90000 0.97605 0.97618
22089.00000 0.97690 0.97944
22089.10000 0.96386 0.98312
22089.20000 0.96917 0.98610
22089.30000 0.97244 0.98783
22089.40000 0.97097 0.98836
22089.60000 0.97423 0.98657
22089.80000 0.96559 0.98246
22089.80000 0.95218 0.98246
22089.90000 0.94288 0.98067
22090.00000 0.92637 0.97930
22090.10000 0.93315 0.97760
22090.30000 0.96878 0.96853
22090.40000 0.97153 0.96089
22090.50000 0.97800 0.95346
22090.60000 0.98617 0.94896
22090.80000 0.98551 0.95372
22090.80000 0.98380 0.95372
22091.00000 0.97548 0.96586
22091.10000 0.97091 0.96912
22091.20000 0.97544 0.97021
22091.30000 0.98132 0.96996
22091.40000 0.96943 0.96927
22091.50000 0.96547 0.96945
22091.80000 0.96521 0.97822
22091.80000 0.96415 0.97822
22091.90000 0.96260 0.97993
22092.00000 0.96661 0.97876
22092.10000 0.95560 0.97414
22092.20000 0.96522 0.96735
22092.40000 0.94662 0.95948
22092.50000 0.93135 0.96280
22092.60000 0.92637 0.97023
22092.80000 0.94754 0.98665
22092.80000 0.97145 0.98665
22092.90000 0.98485 0.99166
22093.10000 0.96798 0.99537
22093.20000 0.95989 0.99583
22093.30000 0.95829 0.99607
22093.40000 0.96340 0.99622
22093.50000 0.97232 0.99635
22093.60000 0.97488 0.99645
22093.80000 0.95370 0.99663
22093.90000 0.96090 0.99671
22094.00000 0.95642 0.99678
22094.10000 0.96348 0.99684
22094.20000 0.96252 0.99691
22094.30000 0.95799 0.99697
22094.50000 0.94228 0.99709
22094.60000 0.93679 0.99715
22094.80000 0.93658 0.99725
22094.80000 0.95432 0.99725
22094.90000 0.96936 0.99730
22095.00000 0.98223 0.99734
22095.20000 0.98924 0.99743
22095.30000 0.99381 0.99748
22095.40000 0.99043 0.99752
22095.50000 0.99714 0.99756
22095.60000 0.98669 0.99760
22095.80000 0.97935 0.99767
22095.90000 0.97612 0.99771
22096.00000 0.98504 0.99774
22096.10000 0.98517 0.99777
22096.20000 1.01012 0.99780
22096.30000 1.00119 0.99783
22096.40000 0.99230 0.99786
22096.60000 0.98958 0.99791
22096.80000 0.97689 0.99796
22096.80000 0.97333 0.99796
22096.80000 0.97317 0.99796
22097.00000 0.97192 0.99800
22097.10000 0.98139 0.99801
22097.30000 0.98212 0.99800
22097.40000 0.98239 0.99797
22097.50000 0.96174 0.99788
22097.60000 0.96916 0.99772
22097.80000 0.96629 0.99713
22097.80000 0.98010 0.99713
22098.00000 0.98749 0.99650
22098.10000 1.00399 0.99632
22098.20000 1.01381 0.99627
22098.30000 0.98738 0.99631
22098.40000 0.97174 0.99641
22098.60000 0.97717 0.99657
22098.60000 0.97864 0.99657
22098.80000 0.98906 0.99666
22098.90000 0.98920 0.99668
22099.00000 0.98856 0.99669
22099.10000 0.98601 0.99668
22099.30000 0.96836 0.99659
22099.40000 0.93866 0.99653
22099.50000 0.92542 0.99650
22099.60000 0.92278 0.99655
22099.80000 0.93068 0.99700
22099.80000 0.94380 0.99700
22100.00000 0.96258 0.99775
22100.10000 0.97427 0.99808
22100.20000 0.98110 0.99831
22100.20000 0.98041 0.99831
22100.30000 0.95278 0.99846
22100.50000 0.92180 0.99859
22100.60000 0.90116 0.99863
22100.80000 0.90954 0.99868
22100.90000 0.93972 0.99870
22101.00000 0.97022 0.99872
22101.10000 0.98511 0.99873
22101.20000 0.98869 0.99875
22101.40000 0.98971 0.99877
22101.50000 0.98764 0.99879
22101.60000 0.98525 0.99880
22101.80000 0.99026 0.99882
22101.80000 0.99159 0.99882
22101.90000 0.98024 0.99882
22102.10000 0.97181 0.99884
22102.20000 0.98121 0.99885
22102.20000 0.99276 0.99885
22102.40000 0.98914 0.99886
22102.50000 0.99002 0.99887
22102.60000 0.97660 0.99888
22102.80000 0.96557 0.99889
22102.90000 0.98719 0.99890
22103.00000 0.99940 0.99891
22103.10000 0.99890 0.99891
22103.20000 0.98455 0.99892
22103.40000 0.97113 0.99893
22103.50000 0.96887 0.99893
22103.60000 0.99092 0.99893
22103.80000 0.99968 0.99894
22103.80000 0.99965 0.99894
22103.80000 1.00158 0.99894
22104.00000 0.99728 0.99894
22104.10000 1.00679 0.99895
22104.20000 1.00355 0.99895
22104.30000 0.99703 0.99895
22104.40000 0.99471 0.99895
22104.50000 0.99563 0.99895
22104.80000 0.98665 0.99895
22104.80000 0.97802 0.99895
22104.90000 0.97677 0.99895
22105.10000 0.98854 0.99894
22105.20000 0.97811 0.99894
22105.20000 0.97037 0.99894
22105.50000 0.95900 0.99894
22105.50000 0.96944 0.99894
22105.60000 0.96357 0.99893
22105.80000 0.96087 0.99891
22105.80000 0.99420 0.99891
22105.90000 0.97644 0.99889
22106.10000 0.98155 0.99886
22106.20000 0.98374 0.99885
22106.30000 0.96841 0.99883
22106.40000 0.94400 0.99882
22106.60000 0.92399 0.99879
22106.80000 0.90770 0.99874
22106.80000 0.95401 0.99874
22107.00000 0.94130 0.99868
22107.10000 0.92138 0.99864
22107.20000 0.92898 0.99860
22107.20000 0.93326 0.99860
22107.40000 0.92733 0.99849
22107.50000 0.94587 0.99842
22107.60000 0.96364 0.99833
22107.80000 0.97279 0.99813
22107.80000 0.97687 0.99813
22107.90000 0.97055 0.99801
22108.20000 0.96539 0.99739
22108.20000 0.97899 0.99739
22108.30000 0.96485 0.99704
22108.40000 0.95283 0.99656
22108.60000 0.95184 0.99486
22108.60000 0.97106 0.99486
22108.90000 0.96467 0.98821
22109.00000 0.96072 0.98516
22109.00000 0.95209 0.98516
22109.10000 0.94988 0.98247
22109.20000 0.95735 0.98059
22109.40000 0.95422 0.97962
22109.50000 0.95875 0.98001
22109.60000 0.96075 0.98030
22109.80000 0.96215 0.97944
22109.80000 0.95234 0.97944
22109.90000 0.96117 0.97878
22110.20000 0.94895 0.98089
22110.20000 0.96739 0.98089
22110.30000 0.96996 0.98301
22110.50000 0.97414 0.98671
22110.60000 0.96439 0.98732
22110.60000 0.96475 0.98732
22110.80000 0.96800 0.98607
22110.90000 0.97121 0.98486
22111.00000 0.94964 0.98364
22111.10000 0.93529 0.98257
22111.20000 0.93072 0.98163
22111.30000 0.94319 0.98064
22111.50000 0.95627 0.97728
22111.60000 0.96214 0.97443
22111.80000 0.96165 0.96800
22111.80000 0.96780 0.96800
22111.90000 0.97121 0.96580
22112.10000 0.96274 0.96529
22112.20000 0.97328 0.96655
22112.30000 0.97416 0.96798
22112.40000 0.95351 0.96894
22112.50000 0.95425 0.96926
22112.60000 0.96309 0.96939
22112.80000 0.96699 0.97155
22112.90000 0.96040 0.97423
22113.00000 0.97427 0.97785
22113.10000 0.98464 0.98194
22113.20000 0.99602 0.98585
22113.30000 0.99360 0.98906
22113.50000 1.01362 0.99313
22113.60000 1.01841 0.99432
22113.80000 1.00984 0.99585
22113.80000 1.00822 0.99585
22113.90000 1.01638 0.99636
22114.10000 1.00632 0.99708
22114.20000 0.98786 0.99734
22114.30000 0.97612 0.99754
22114.40000 1.00467 0.99771
22114.50000 1.00509 0.99787
22114.60000 1.01974 0.99802
22114.80000 1.01002 0.99828
22114.90000 1.00388 0.99839
22115.00000 0.98216 0.99848
22115.10000 0.96135 0.99855
22115.20000 0.96001 0.99862
22115.30000 0.97436 0.99868
22115.50000 0.98049 0.99879
22115.60000 0.99637 0.99884
22115.80000 0.99017 0.99891
22115.80000 1.00375 0.99891
22115.90000 0.99625 0.99894
22116.10000 0.99523 0.99899
22116.20000 1.00169 0.99902
22116.30000 0.99013 0.99904
22116.40000 0.97985 0.99907
22116.50000 0.97441 0.99910
22116.60000 0.97671 0.99912
22116.80000 0.97918 0.99917
22116.90000 0.97866 0.99919
22117.00000 0.99074 0.99921
22117.10000 0.98768 0.99922
22117.20000 0.99689 0.99923
22117.30000 1.00830 0.99924
22117.50000 1.00915 0.99926
22117.60000 1.00207 0.99927
22117.80000 0.99931 0.99929
22117.80000 0.98132 0.99929
22117.90000 0.97354 0.99930
22118.00000 0.97446 0.99931
22118.20000 0.98722 0.99933
22118.30000 0.98844 0.99934
22118.40000 0.98882 0.99934
22118.50000 0.98315 0.99934
22118.60000 0.98402 0.99935
22118.80000 0.99430 0.99935
22118.90000 0.98933 0.99936
22119.00000 0.98992 0.99936
22119.10000 0.98603 0.99936
22119.20000 0.95620 0.99936
22119.30000 0.92821 0.99937
22119.50000 0.93526 0.99937
22119.60000 0.96939 0.99937
22119.80000 0.98599 0.99936
22119.80000 0.99444 0.99936
22119.90000 1.00187 0.99936
22120.00000 0.99785 0.99935
22120.20000 0.99672 0.99934
22120.30000 0.99394 0.99933
22120.40000 0.97887 0.99933
22120.50000 0.96949 0.99932
22120.60000 0.96941 0.99932
22120.80000 0.97737 0.99930
22120.90000 0.99396 0.99929
22121.00000 0.99493 0.99928
22121.10000 0.98435 0.99927
22121.20000 0.96453 0.99925
22121.30000 0.95427 0.99924
22121.50000 0.95163 0.99920
22121.60000 0.97236 0.99917
22121.80000 0.99142 0.99910
22121.80000 0.99458 0.99910
22121.90000 0.99325 0.99906
22122.00000 0.98510 0.99902
22122.20000 0.98672 0.99891
22122.30000 0.99034 0.99885
22122.40000 0.99583 0.99877
22122.50000 0.99108 0.99868
22122.60000 0.97101 0.99857
22122.80000 0.96844 0.99825
22122.90000 0.98341 0.99804
22123.00000 0.98081 0.99777
22123.10000 0.99854 0.99740
22123.20000 1.00037 0.99691
22123.30000 0.99090 0.99622
22123.50000 0.98873 0.99400
22123.60000 0.99799 0.99244
22123.80000 0.98554 0.98908
22123.80000 0.97149 0.98908
22123.90000 0.96209 0.98778
22124.00000 0.95036 0.98696
22124.20000 0.94972 0.98664
22124.30000 0.96213 0.98682
22124.40000 0.97268 0.98696
22124.50000 0.98939 0.98694
22124.60000 0.99312 0.98674
22124.80000 0.99982 0.98627
22124.90000 0.98144 0.98637
22125.00000 0.97645 0.98692
22125.10000 0.96504 0.98795
22125.20000 0.97266 0.98936
22125.30000 0.97539 0.99090
22125.50000 0.98189 0.99347
22125.60000 0.97716 0.99426
22125.80000 0.96590 0.99504
22125.80000 0.94611 0.99504
22125.90000 0.94158 0.99522
22126.00000 0.93488 0.99534
22126.20000 0.95070 0.99554
22126.30000 0.96076 0.99564
22126.40000 0.95713 0.99575
22126.50000 0.95156 0.99585
22126.60000 0.96122 0.99595
22126.80000 0.96558 0.99625
22126.90000 0.97526 0.99646
22127.00000 0.96860 0.99670
22127.10000 0.96475 0.99697
22127.20000 0.96024 0.99724
22127.30000 0.96720 0.99750
22127.50000 0.96920 0.99793
22127.60000 0.98240 0.99811
22127.80000 0.98250 0.99837
22127.80000 1.00225 0.99837
22127.90000 0.99018 0.99848
22128.00000 0.99208 0.99856
22128.20000 0.97435 0.99868
22128.30000 0.97795 0.99872
22128.40000 0.96746 0.99874
22128.50000 0.98773 0.99875
22128.60000 0.98488 0.99873
22128.80000 0.99546 0.99860
22128.90000 0.99184 0.99845
22129.00000 0.99152 0.99820
22129.10000 0.97800 0.99774
22129.20000 0.94167 0.99680
22129.30000 0.97973 0.99500
22129.50000 1.00284 0.98894
22129.60000 0.99512 0.98625
22129.80000 0.99827 0.98609
22129.80000 0.98894 0.98609
22129.90000 0.98573 0.98865
22130.00000 0.96817 0.99184
22130.20000 0.97607 0.99620
22130.30000 0.98160 0.99696
22130.40000 0.99466 0.99724
22130.50000 0.98709 0.99739
22130.60000 0.98079 0.99754
22130.80000 0.99009 0.99799
22130.90000 0.99265 0.99826
22131.00000 0.99450 0.99852
22131.10000 0.99404 0.99875
22131.20000 0.98300 0.99894
22131.30000 1.00245 0.99907
22131.50000 0.98475 0.99925
22131.60000 0.95910 0.99930
22131.80000 0.93741 0.99937
22131.80000 0.94646 0.99937
22131.90000 0.96011 0.99938
22132.00000 0.98655 0.99939
22132.20000 1.00646 0.99934
22132.30000 1.02079 0.99927
22132.40000 1.01819 0.99916
22132.50000 1.00177 0.99901
22132.60000 0.97738 0.99884
22132.80000 0.96625 0.99846
22132.90000 0.98195 0.99827
22133.00000 1.00332 0.99812
22133.10000 1.00062 0.99807
22133.20000 0.99983 0.99810
22133.30000 0.99247 0.99821
22133.50000 0.98103 0.99845
22133.60000 0.96037 0.99849
22133.80000 0.95268 0.99835
22133.80000 0.95362 0.99835
22133.90000 0.96605 0.99822
22134.00000 0.96425 0.99812
22134.20000 0.96164 0.99818
22134.30000 0.98104 0.99834
22134.40000 0.99379 0.99856
22134.50000 1.00576 0.99878
22134.60000 1.00818 0.99900
22134.80000 1.00511 0.99933
22134.90000 1.00788 0.99942
22135.00000 0.99403 0.99948
22135.10000 0.99318 0.99951
22135.20000 0.98221 0.99951
22135.30000 0.98809 0.99943
22135.40000 0.98431 0.99914
22135.60000 0.98178 0.99641
22135.80000 0.98076 0.98979
22135.80000 0.99287 0.98979
22135.90000 0.98957 0.98690
22136.00000 0.99736 0.98583
22136.20000 0.98831 0.98996
22136.30000 0.99885 0.99353
22136.40000 0.99574 0.99650
22136.50000 0.99450 0.99830
22136.60000 0.99669 0.99911
22136.80000 0.99870 0.99946
22136.90000 1.00141 0.99947
22137.00000 1.00250 0.99946
22137.10000 0.99805 0.99944
22137.20000 1.00363 0.99941
22137.30000 1.00039 0.99938
22137.40000 0.99175 0.99934
22137.60000 0.97700 0.99925
22137.80000 0.97896 0.99909
22137.80000 0.98927 0.99909
22137.90000 1.00337 0.99899
22138.00000 0.99535 0.99885
22138.10000 0.99034 0.99867
22138.30000 0.97411 0.99800
22138.40000 0.96229 0.99735
22138.50000 0.96372 0.99632
22138.60000 0.98057 0.99473
22138.80000 0.99410 0.98938
22138.90000 0.99865 0.98577
22139.00000 0.98193 0.98202
22139.10000 0.99015 0.97875
22139.20000 0.99340 0.97657
22139.30000 0.99660 0.97579
22139.40000 1.00561 0.97626
22139.60000 0.99326 0.97846
22139.80000 0.99634 0.97834
22139.80000 0.98194 0.97834
22139.90000 0.96544 0.97723
22140.00000 0.95401 0.97615
22140.10000 0.96194 0.97583
22140.30000 0.96712 0.97917
22140.40000 0.95856 0.98255
22140.50000 0.96774 0.98632
22140.60000 0.97546 0.98988
22140.80000 0.98544 0.99503
22140.80000 0.98813 0.99503
22141.00000 0.99620 0.99750
22141.10000 0.99548 0.99810
22141.20000 1.00244 0.99848
22141.30000 1.00033 0.99873
22141.40000 0.99312 0.99891
22141.60000 0.95816 0.99916
22141.80000 0.95108 0.99931
22141.80000 0.94957 0.99931
22141.90000 0.98168 0.99936
22142.00000 1.00819 0.99941
22142.10000 1.01108 0.99945
22142.30000 1.00158 0.99952
22142.40000 1.00496 0.99955
22142.50000 0.99649 0.99957
22142.60000 0.98762 0.99959
22142.80000 0.97959 0.99962
22142.80000 0.97999 0.99962
22143.00000 0.96815 0.99964
22143.10000 0.96755 0.99965
22143.20000 0.95832 0.99966
22143.30000 0.95986 0.99967
22143.40000 0.96036 0.99968
22143.50000 0.98187 0.99969
22143.80000 0.99914 0.99972
22143.80000 0.98828 0.99972
22143.90000 0.96827 0.99972
22144.00000 0.96543 0.99973
22144.10000 0.97360 0.99973
22144.20000 0.99328 0.99973
22144.40000 1.00806 0.99974
22144.50000 1.01654 0.99974
22144.60000 1.00637 0.99974
22144.80000 0.98989 0.99975
22144.80000 0.97122 0.99975
22144.90000 0.96792 0.99975
22145.10000 0.98237 0.99975
22145.20000 0.99935 0.99976
22145.30000 0.99395 0.99976
22145.40000 0.99673 0.99976
22145.50000 0.98050 0.99976
22145.80000 0.97425 0.99976
22145.80000 0.95883 0.99976
22145.90000 0.95749 0.99976
22146.00000 0.95279 0.99976
22146.10000 0.95285 0.99976
22146.20000 0.97352 0.99976
22146.40000 0.98416 0.99976
22146.50000 0.98273 0.99975
22146.60000 0.98276 0.99975
22146.80000 0.95868 0.99975
22146.80000 0.95878 0.99975
22146.90000 0.95997 0.99974
22147.10000 0.97293 0.99973
22147.20000 0.97609 0.99973
22147.30000 0.96717 0.99972
22147.40000 0.96370 0.99972
22147.50000 0.97835 0.99971
22147.60000 0.99030 0.99970
22147.80000 0.99180 0.99967
22147.90000 0.99589 0.99966
22148.00000 0.99582 0.99964
22148.10000 0.99868 0.99961
22148.20000 1.00465 0.99959
22148.30000 1.00653 0.99955
22148.50000 0.99824 0.99945
22148.60000 0.97238 0.99937
22148.80000 0.95370 0.99912
22148.80000 0.93665 0.99912
22148.90000 0.94643 0.99894
22149.00000 0.96224 0.99873
22149.20000 0.98214 0.99825
22149.30000 0.98006 0.99800
22149.40000 0.99862 0.99777
22149.50000 0.98776 0.99759
22149.60000 0.97541 0.99747
22149.80000 0.95352 0.99741
22149.90000 0.96039 0.99740
22150.00000 0.97284 0.99735
22150.10000 0.98297 0.99721
22150.20000 0.97306 0.99694
22150.30000 0.96980 0.99654
22150.40000 0.95925 0.99601
22150.60000 0.94598 0.99485
22150.80000 0.95198 0.99432
22150.80000 0.95866 0.99432
22150.90000 0.97768 0.99445
22151.00000 0.99063 0.99478
22151.10000 0.99165 0.99519
22151.30000 0.98095 0.99587
22151.40000 0.97140 0.99607
22151.50000 0.98871 0.99616
22151.60000 0.99648 0.99617
22151.80000 1.00135 0.99605
22151.80000 0.99025 0.99605
22152.00000 0.97479 0.99601
22152.10000 0.95354 0.99621
22152.20000 0.95736 0.99659
22152.30000 0.98107 0.99710
22152.40000 0.98115 0.99764
22152.50000 0.98467 0.99814
22152.80000 0.98286 0.99906
22152.80000 0.96571 0.99906
22152.90000 0.94310 0.99921
22153.00000 0.92637 0.99932
22153.10000 0.92977 0.99941
22153.20000 0.93895 0.99948
22153.40000 0.96815 0.99957
22153.50000 0.96236 0.99960
22153.60000 0.97710 0.99963
22153.80000 0.96986 0.99967
22153.80000 0.95972 0.99967
22153.90000 0.94891 0.99969
22154.10000 0.96863 0.99972
22154.20000 0.95537 0.99973
22154.30000 0.96602 0.99975
22154.40000 0.97344 0.99976
22154.50000 0.99208 0.99976
22154.60000 1.00556 0.99977
22154.80000 1.00197 0.99979
22154.90000 0.98536 0.99979
22155.00000 0.98469 0.99980
22155.10000 0.97166 0.99980
22155.20000 0.96038 0.99981
22155.30000 0.95935 0.99981
22155.50000 0.97155 0.99982
22155.60000 0.98160 0.99982
22155.80000 0.98154 0.99982
22155.80000 0.98311 0.99982
22155.90000 0.98235 0.99982
22156.00000 0.97020 0.99983
22156.20000 0.94805 0.99983
22156.30000 0.94330 0.99983
22156.40000 0.97111 0.99983
22156.50000 0.97577 0.99983
22156.60000 0.97441 0.99982
22156.80000 0.94891 0.99962
22156.90000 0.93756 0.99910
22157.00000 0.94887 0.99779
22157.10000 0.95911 0.99536
22157.20000 0.95987 0.99206
22157.30000 0.97625 0.98887
22157.40000 0.96947 0.98701
22157.60000 0.96650 0.98940
22157.80000 0.94288 0.99591
22157.80000 0.97182 0.99591
22157.90000 0.94219 0.99814
22158.00000 0.96806 0.99927
22158.10000 0.98441 0.99969
22158.30000 0.99652 0.99985
22158.40000 0.99169 0.99986
22158.50000 0.99460 0.99986
22158.60000 0.98840 0.99987
22158.80000 0.99523 0.99987
22158.80000 0.99130 0.99987
22159.00000 0.99301 0.99988
22159.10000 0.99229 0.99988
22159.20000 0.98547 0.99988
22159.30000 0.97885 0.99988
22159.40000 1.04821 0.99988
22159.50000 1.00100 0.99988
22159.80000 0.99659 0.99988
22159.80000 1.00211 0.99988
22159.90000 0.99676 0.99988
22160.00000 0.98911 0.99989
22160.10000 0.99887 0.99989
22160.20000 1.00030 0.99989
22160.40000 0.99447 0.99989
22160.50000 0.98077 0.99989
22160.60000 0.97337 0.99989
22160.80000 0.94749 0.99989
22160.80000 0.92020 0.99989
22160.90000 0.91595 0.99989
22161.00000 1.01509 0.99989
22161.20000 0.93786 0.99989
22161.30000 0.93307 0.99989
22161.40000 0.94491 0.99989
22161.50000 0.96601 0.99989
22161.60000 0.94755 0.99989
22161.80000 0.94385 0.99989
22161.90000 0.95345 0.99989
22162.00000 0.95211 0.99989
22162.10000 0.96846 0.99989
22162.20000 0.96524 0.99989
22162.30000 0.94873 0.99989
22162.40000 0.94133 0.99989
22162.60000 0.94574 0.99989
22162.80000 0.96988 0.99989
22162.80000 0.97516 0.99989
22162.90000 0.99017 0.99989
22163.00000 0.98863 0.99989
22163.10000 0.99016 0.99989
22163.30000 0.97663 0.99989
22163.40000 0.97332 0.99989
22163.50000 0.96689 0.99989
22163.60000 0.95234 0.99989
22163.80000 0.95992 0.99989
22163.80000 0.95594 0.99989
22163.90000 0.96545 0.99989
22164.10000 0.97429 0.99990
22164.20000 0.98962 0.99990
22164.30000 0.98762 0.99989
22164.40000 0.97453 0.99989
22164.50000 0.97777 0.99989
22164.60000 0.96552 0.99989
22164.80000 0.96882 0.99989
22164.90000 0.96088 0.99989
22165.00000 0.94581 0.99989
22165.10000 0.94596 0.99989
22165.20000 0.94240 0.99989
22165.30000 0.93962 0.99989
22165.50000 0.94654 0.99989
22165.60000 0.95247 0.99989
22165.80000 0.96432 0.99989
22165.80000 0.95792 0.99989
22165.90000 0.95609 0.99989
22166.00000 0.95000 0.99989
22166.10000 0.95737 0.99989
22166.30000 0.95506 0.99989
22166.40000 0.95528 0.99989
22166.50000 0.95422 0.99989
22166.60000 0.97124 0.99989
22166.80000 0.94563 0.99989
22166.80000 0.94820 0.99989
22167.00000 0.95089 0.99989
22167.10000 0.97507 0.99989
22167.20000 0.96960 0.99989
22167.30000 0.96570 0.99988
22167.40000 0.94957 0.99988
22167.50000 0.94555 0.99988
22167.80000 0.94577 0.99988
22167.80000 0.93906 0.99988
22167.90000 0.94063 0.99988
22168.00000 0.96985 0.99988
22168.10000 0.97098 0.99988
22168.20000 0.98429 0.99988
22168.30000 0.96371 0.99988
22168.50000 0.95125 0.99988
22168.60000 0.94759 0.99988
22168.80000 0.96780 0.99988
22168.80000 0.97694 0.99988
22168.90000 0.98652 0.99988
22169.00000 0.99011 0.99988
22169.20000 0.98599 0.99988
22169.30000 0.99395 0.99988
22169.40000 0.99018 0.99988
22169.50000 0.97557 0.99988
22169.60000 0.97911 0.99988
22169.80000 0.97630 0.99988
22169.80000 0.98749 0.99988
22170.00000 0.97402 0.99988
22170.10000 0.98526 0.99988
22170.20000 0.97315 0.99988
22170.30000 0.95500 0.99988
22170.40000 0.92510 0.99988
22170.50000 0.94467 0.99988
22170.80000 0.96435 0.99987
22170.80000 0.96964 0.99987
22170.90000 0.95879 0.99985
22171.00000 0.96264 0.99984
22171.10000 0.97074 0.99982
22171.20000 0.96151 0.99979
22171.30000 0.94913 0.99977
22171.50000 0.94495 0.99973
22171.60000 0.95984 0.99970
22171.80000 0.96418 0.99966
22171.80000 0.96979 0.99966
22171.90000 0.97792 0.99963
22172.00000 0.97295 0.99961
22172.10000 0.96711 0.99959
22172.30000 0.98039 0.99954
22172.40000 0.97520 0.99952
22172.50000 0.99183 0.99949
22172.60000 1.00676 0.99947
22172.80000 0.99830 0.99942
22172.80000 0.98744 0.99942
22173.00000 0.98282 0.99938
22173.10000 0.98907 0.99935
22173.20000 0.98344 0.99933
22173.30000 0.98380 0.99931
22173.40000 0.97855 0.99928
22173.50000 0.97025 0.99926
22173.60000 0.96372 0.99924
22173.80000 0.96717 0.99919
22173.90000 0.96594 0.99917
22174.00000 0.96887 0.99914
22174.10000 0.97148 0.99912
22174.20000 0.96239 0.99910
22174.30000 0.94823 0.99907
22174.40000 0.96770 0.99905
22174.60000 0.97351 0.99900
22174.80000 0.97952 0.99896
22174.80000 0.97734 0.99896
22174.90000 0.98551 0.99893
22175.00000 1.00144 0.99890
22175.10000 1.00299 0.99886
22175.30000 0.98908 0.99870
22175.40000 0.96986 0.99861
22175.50000 0.96418 0.99857
22175.60000 0.97330 0.99859
22175.80000 0.96335 0.99877
22175.80000 0.97350 0.99877
22175.90000 0.98856 0.99885
22176.10000 0.96651 0.99885
22176.20000 0.94970 0.99879
22176.30000 0.95903 0.99871
22176.40000 0.95440 0.99863
22176.50000 0.95572 0.99851
22176.60000 0.95607 0.99829
22176.80000 0.96193 0.99732
22176.90000 0.96161 0.99623
22177.00000 0.97376 0.99427
22177.10000 0.96998 0.99104
22177.20000 0.95547 0.98658
22177.30000 0.94478 0.98179
22177.40000 0.95541 0.97813
22177.50000 0.96524 0.97682
22177.80000 0.98069 0.98321
22177.80000 0.98485 0.98321
22177.90000 1.00351 0.98449
22178.00000 0.99947 0.98463
22178.10000 1.00214 0.98438
22178.20000 0.99419 0.98437
22178.30000 1.00261 0.98463
22178.50000 0.99181 0.98345
22178.60000 1.00309 0.98108
22178.80000 0.99451 0.97713
22178.80000 0.99240 0.97713
22178.90000 0.98740 0.97835
22179.00000 0.97901 0.98204
22179.20000 0.98960 0.99167
22179.30000 0.99172 0.99509
22179.40000 0.98503 0.99711
22179.50000 0.98239 0.99815
22179.60000 0.98287 0.99868
22179.80000 0.98342 0.99915
22179.80000 0.97632 0.99915
22180.00000 0.96552 0.99937
22180.10000 0.95593 0.99945
22180.20000 0.96345 0.99952
22180.30000 0.96041 0.99956
22180.40000 0.96178 0.99960
22180.50000 0.97296 0.99963
22180.60000 0.97583 0.99966
22180.80000 0.97895 0.99970
22180.90000 0.99333 0.99971
22181.00000 0.99102 0.99973
22181.10000 1.00052 0.99974
22181.20000 1.00235 0.99976
22181.30000 1.00248 0.99977
22181.40000 0.98478 0.99978
22181.60000 0.97674 0.99980
22181.80000 0.97771 0.99981
22181.80000 1.00312 0.99981
22181.90000 0.97085 0.99981
22182.00000 0.94264 0.99982
22182.10000 0.94544 0.99982
22182.20000 0.94392 0.99983
22182.30000 0.93019 0.99983
22182.50000 0.93843 0.99984
22182.60000 0.93105 0.99984
22182.80000 0.93683 0.99984
22182.80000 0.95296 0.99984
22182.90000 0.96417 0.99985
22183.00000 0.96022 0.99985
22183.10000 0.96712 0.99985
22183.30000 0.96466 0.99986
22183.40000 0.96278 0.99986
22183.50000 0.96923 0.99986
22183.60000 0.96817 0.99986
22183.80000 0.94925 0.99987
22183.80000 0.93532 0.99987
22183.90000 0.92483 0.99987
22184.10000 0.93015 0.99987
22184.20000 0.93232 0.99987
22184.30000 0.95338 0.99987
22184.40000 0.96906 0.99987
22184.50000 0.98618 0.99988
22184.60000 0.96386 0.99988
22184.80000 0.96289 0.99988
22184.90000 0.96722 0.99988
22185.00000 0.97600 0.99988
22185.10000 0.96681 0.99988
22185.20000 0.96684 0.99988
22185.30000 0.97845 0.99988
22185.40000 0.97778 0.99988
22185.50000 0.97415 0.99988
22185.80000 0.97525 0.99989
22185.80000 0.97598 0.99989
22185.90000 0.97669 0.99989
22186.00000 0.94918 0.99989
22186.10000 0.92513 0.99989
22186.20000 0.90619 0.99989
22186.30000 0.91798 0.99989
22186.40000 0.93770 0.99989
22186.60000 0.97341 0.99989
22186.80000 0.97219 0.99989
22186.80000 0.96648 0.99989
22186.90000 0.96071 0.99989
22187.00000 0.95506 0.99989
22187.10000 0.95469 0.99989
22187.20000 0.96164 0.99989
22187.40000 0.98734 0.99989
22187.50000 0.99508 0.99989
22187.60000 1.00014 0.99989
22187.80000 1.00526 0.99989
22222.10000 0.97759 0.99982
22222.20000 0.97820 0.99982
22222.30000 0.96861 0.99982
22222.40000 0.97742 0.99982
22222.50000 0.98607 0.99982
22222.70000 0.99682 0.99982
22222.80000 1.00444 0.99982
22222.90000 1.00113 0.99981
22223.00000 1.00643 0.99981
22223.10000 0.99723 0.99981
22223.30000 0.99815 0.99981
22223.40000 0.98366 0.99981
22223.50000 0.97256 0.99981
22223.60000 0.96063 0.99980
22223.70000 0.94542 0.99980
22223.80000 0.94065 0.99980
22224.00000 0.95526 0.99980
22224.10000 0.96165 0.99980
22224.20000 0.97533 0.99980
22224.30000 0.97210 0.99979
22224.40000 0.98249 0.99979
22224.50000 0.99029 0.99979
22224.70000 0.98898 0.99979
22224.80000 0.97817 0.99979
22224.90000 0.96736 0.99978
22225.00000 0.95291 0.99978
22225.10000 0.95696 0.99978
22225.30000 0.95628 0.99977
22225.40000 0.95402 0.99977
22225.50000 0.94332 0.99977
22225.60000 0.93043 0.99976
22225.70000 0.93569 0.99976
22225.80000 0.95962 0.99975
22226.00000 0.97318 0.99975
22226.10000 0.96313 0.99974
22226.20000 0.95846 0.99973
22226.30000 0.98374 0.99973
22226.40000 0.99407 0.99972
22226.50000 1.00121 0.99972
22226.70000 0.99653 0.99970
22226.80000 0.99548 0.99970
22226.90000 0.99047 0.99969
22227.00000 0.99256 0.99968
22227.10000 0.98998 0.99968
22227.30000 0.99983 0.99966
22227.40000 0.99996 0.99965
22227.50000 0.99511 0.99964
22227.60000 0.98880 0.99963
22227.70000 0.97316 0.99961
22227.80000 0.95511 0.99960
22228.00000 0.93863 0.99957
22228.10000 0.93699 0.99955
22228.20000 0.95958 0.99951
22228.30000 0.96383 0.99942
22228.40000 0.96812 0.99912
22228.50000 0.97712 0.99828
22228.70000 0.98318 0.99365
22228.80000 0.98176 0.99037
22228.90000 0.97385 0.98778
22229.00000 0.97577 0.98689
22229.10000 0.98055 0.98802
22229.20000 0.98472 0.99071
22229.40000 0.98722 0.99653
22229.50000 0.98005 0.99808
22229.60000 0.96505 0.99874
22229.70000 0.96010 0.99893
22229.80000 0.97070 0.99894
22230.00000 0.95840 0.99880
22230.10000 0.93478 0.99870
22230.20000 0.92912 0.99858
22230.30000 0.92068 0.99845
22230.40000 0.92158 0.99829
22230.50000 0.93045 0.99810
22230.70000 0.91682 0.99758
22230.80000 0.91725 0.99722
22230.90000 0.90869 0.99675
22231.00000 0.90143 0.99611
22231.10000 0.88862 0.99512
22231.20000 0.87582 0.99326
22231.40000 0.85616 0.97984
22231.50000 0.84285 0.96321
22231.60000 0.82651 0.93911
22231.70000 0.84196 0.91049
22231.80000 0.83637 0.88197
22231.90000 0.86299 0.85787
22232.10000 0.84203 0.82763
22232.20000 0.82728 0.81967
22232.30000 0.83726 0.81707
22232.40000 0.84041 0.82067
22232.50000 0.83402 0.83029
22232.60000 0.84304 0.84476
22232.80000 0.86442 0.87085
22232.90000 0.88679 0.87170
22233.00000 0.88116 0.86252
22233.10000 0.85808 0.84733
22233.20000 0.84108 0.83234
22233.30000 0.83116 0.82183
22233.50000 0.83447 0.81887
22233.60000 0.85166 0.82605
22233.70000 0.85434 0.83776
22233.80000 0.86061 0.85460
22233.90000 0.86608 0.87773
22234.00000 0.87808 0.90579
22234.20000 0.88899 0.95979
22234.30000 0.90113 0.97769
22234.40000 0.91570 0.98795
22234.50000 0.91534 0.99278
22234.60000 0.91663 0.99489
22234.70000 0.91887 0.99596
22234.90000 0.93080 0.99714
22235.00000 0.94110 0.99752
22235.10000 0.93993 0.99781
22235.20000 0.95408 0.99804
22235.30000 0.97595 0.99823
22235.40000 0.96889 0.99838
22235.60000 0.97130 0.99833
22235.70000 0.96466 0.99763
22235.80000 0.96825 0.99581
22235.90000 0.96558 0.99248
22236.00000 0.96775 0.98804
22236.10000 0.96569 0.98377
22236.30000 0.95441 0.98104
22236.40000 0.93348 0.98354
22236.50000 0.94161 0.98781
22236.60000 0.99614 0.99240
22236.70000 1.02407 0.99598
22236.80000 0.99894 0.99807
22237.00000 0.98630 0.99930
22237.10000 0.98483 0.99940
22237.20000 0.99142 0.99944
22237.30000 0.99789 0.99945
22237.40000 0.99657 0.99947
22237.50000 0.98860 0.99947
22237.70000 0.99104 0.99946
22237.80000 0.99509 0.99944
22237.90000 0.99677 0.99941
22238.00000 1.00041 0.99936
22238.10000 1.00158 0.99929
22238.20000 0.99976 0.99920
22238.40000 0.98899 0.99895
22238.50000 0.98651 0.99878
22238.60000 0.98910 0.99856
22238.70000 1.00063 0.99831
22238.80000 1.00032 0.99804
22238.90000 0.98995 0.99782
22239.00000 0.98188 0.99770
22239.20000 0.96913 0.99787
22239.30000 0.95565 0.99812
22239.40000 0.96971 0.99840
22239.50000 0.97162 0.99866
22239.60000 0.98085 0.99888
22239.70000 0.98218 0.99906
22239.90000 0.99016 0.99932
22240.00000 1.00173 0.99942
22240.10000 1.00233 0.99949
22240.20000 0.99486 0.99954
22240.30000 0.98173 0.99950
22240.40000 0.96384 0.99921
22240.60000 0.95729 0.99603
22240.70000 0.96190 0.99224
22240.80000 0.99257 0.98745
22240.90000 1.01188 0.98311
22241.00000 0.99631 0.98069
22241.10000 0.98643 0.98100
22241.30000 1.00041 0.98855
22241.40000 0.99762 0.99323
22241.50000 1.00837 0.99671
22241.60000 0.99144 0.99863
22241.70000 0.99971 0.99942
22241.80000 0.99365 0.99967
22241.90000 0.99560 0.99974
22242.10000 0.98703 0.99976
22242.20000 0.97672 0.99976
22242.30000 0.97861 0.99977
22242.40000 0.99674 0.99977
22242.50000 1.00077 0.99977
22242.60000 0.99905 0.99977
22242.80000 1.00008 0.99978
22242.90000 0.98876 0.99978
22243.00000 0.99180 0.99978
22243.10000 0.99667 0.99978
22243.20000 1.00152 0.99978
22243.30000 1.01249 0.99978
22243.50000 0.99797 0.99978
22243.60000 0.98770 0.99978
22243.70000 0.97730 0.99978
22243.80000 0.97675 0.99978
22243.90000 0.98103 0.99978
22244.00000 0.99021 0.99978
22244.10000 0.98779 0.99977
22244.30000 0.99852 0.99977
22244.40000 0.99027 0.99977
22244.50000 0.99238 0.99977
22244.60000 0.99236 0.99977
22244.70000 0.98889 0.99977
22244.80000 0.98820 0.99977
22245.00000 0.99892 0.99977
22245.10000 1.00236 0.99977
22245.20000 0.99616 0.99976
22245.30000 0.98763 0.99976
22245.40000 0.99282 0.99976
22245.50000 0.99134 0.99976
22245.70000 0.97986 0.99975
22245.80000 0.96726 0.99975
22245.90000 0.96473 0.99975
22246.00000 0.96509 0.99975
22246.10000 0.97139 0.99974
22246.20000 0.97356 0.99974
22246.30000 0.97996 0.99974
22246.50000 0.99133 0.99973
22246.60000 0.99969 0.99973
22246.70000 0.98550 0.99973
22246.80000 0.95336 0.99972
22246.90000 0.90738 0.99972
22247.00000 0.90781 0.99972
22247.20000 0.98289 0.99971
22247.30000 0.98309 0.99971
22247.40000 0.99838 0.99971
22247.50000 0.99403 0.99970
22247.60000 0.97989 0.99970
22247.70000 0.96254 0.99969
22247.80000 0.94396 0.99969
22248.00000 0.93977 0.99968
22248.10000 0.95008 0.99967
22248.20000 0.96448 0.99966
22248.30000 0.97425 0.99966
22248.40000 0.98669 0.99965
22248.50000 0.98390 0.99965
22248.70000 0.98023 0.99964
22248.80000 0.99314 0.99963
22248.90000 0.99453 0.99962
22249.00000 0.83959 0.99962
22249.10000 0.99505 0.99961
22249.20000 0.98206 0.99960
22249.30000 0.97499 0.99959
22249.50000 0.97291 0.99957
22249.60000 1.00448 0.99956
22249.70000 1.00937 0.99955
22249.80000 1.01943 0.99954
22249.90000 1.02449 0.99953
22250.00000 1.01630 0.99952
22250.10000 1.01258 0.99951
22250.30000 1.00976 0.99948
22250.40000 1.00410 0.99947
22250.50000 0.99903 0.99945
22250.60000 0.98965 0.99942
22250.70000 0.97229 0.99937
22250.80000 0.96433 0.99921
22251.00000 0.97498 0.99724
22251.10000 0.98596 0.99441
22251.20000 0.99252 0.99022
22251.30000 1.00301 0.98565
22251.40000 0.99887 0.98218
22251.50000 0.98749 0.98098
22251.60000 0.97696 0.98244
22251.80000 0.97820 0.99064
22251.90000 0.97457 0.99465
22252.00000 0.96717 0.99724
22252.10000 0.97339 0.99848
22252.20000 0.98842 0.99891
22252.30000 1.00444 0.99901
22252.40000 1.00683 0.99900
22252.60000 0.99491 0.99894
22252.70000 0.98244 0.99889
22252.80000 0.97845 0.99884
22252.90000 0.97900 0.99879
22253.00000 0.96907 0.99874
22253.10000 0.96281 0.99868
22253.30000 0.96261 0.99855
22253.40000 0.97580 0.99847
22253.50000 0.98806 0.99839
22253.60000 0.98099 0.99830
22253.70000 1.00226 0.99820
22253.80000 0.99314 0.99810
22253.90000 0.99927 0.99798
22254.10000 0.98353 0.99770
22254.20000 0.98756 0.99753
22254.30000 0.98356 0.99736
22254.40000 0.97871 0.99715
22254.50000 0.98218 0.99692
22254.60000 0.98646 0.99664
22254.70000 0.98846 0.99632
22254.90000 0.98941 0.99561
22255.00000 0.99506 0.99520
22255.10000 0.99160 0.99470
22255.20000 0.99680 0.99410
22255.30000 0.99725 0.99333
22255.40000 0.98572 0.99236
22255.50000 0.97480 0.99110
22255.70000 0.96910 0.98706
22255.80000 0.96333 0.98347
22255.90000 0.94808 0.97788
22256.00000 0.93667 0.96945
22256.10000 0.91868 0.95775
22256.20000 0.89718 0.94305
22256.40000 0.88197 0.90886
22256.50000 0.87963 0.89223
22256.60000 0.88712 0.87809
22256.70000 0.88336 0.86786
22256.80000 0.88898 0.86203
22256.90000 0.89206 0.85985
22257.00000 0.88077 0.85969
22257.20000 0.88498 0.85968
22257.30000 0.89437 0.85964
22257.40000 0.90125 0.86136
22257.50000 0.90100 0.86651
22257.60000 0.89665 0.87601
22257.70000 0.90056 0.88954
22257.80000 0.91355 0.90577
22258.00000 0.92661 0.93969
22258.10000 0.92856 0.95444
22258.20000 0.92260 0.96626
22258.30000 0.92105 0.97475
22258.40000 0.92607 0.98023
22258.50000 0.93214 0.98350
22258.60000 0.92105 0.98532
22258.80000 0.89613 0.98623
22258.90000 0.88885 0.98531
22259.00000 0.89705 0.98296
22259.10000 0.92369 0.97841
22259.20000 0.93216 0.97085
22259.30000 0.91470 0.95972
22259.40000 0.90398 0.94510
22259.60000 0.90521 0.91026
22259.70000 0.92378 0.89399
22259.80000 0.92607 0.88101
22259.90000 0.92064 0.87217
22260.00000 0.91561 0.86713
22260.10000 0.90032 0.86512
22260.20000 0.89539 0.86583
22260.40000 0.88997 0.87592
22260.50000 0.89077 0.88539
22260.60000 0.89611 0.89770
22260.70000 0.89674 0.91230
22260.80000 0.89551 0.92807
22260.90000 0.89206 0.94355
22261.00000 0.93454 0.95752
22261.20000 0.95312 0.97811
22261.30000 0.91538 0.98414
22261.40000 0.98696 0.98718
22261.50000 0.92455 0.98717
22261.60000 0.95125 0.98435
22261.70000 0.96617 0.97970
22261.80000 0.96673 0.97488
22262.00000 0.98159 0.97005
22262.10000 0.98627 0.97089
22262.20000 0.97916 0.97365
22262.30000 0.98539 0.97761
22262.40000 0.98759 0.98197
22262.50000 0.98762 0.98628
22262.60000 0.98154 0.99027
22262.80000 0.96139 0.99505
22262.90000 0.96110 0.99477
22263.00000 0.95399 0.99281
22263.10000 0.95402 0.99004
22263.20000 0.96493 0.98761
22263.30000 0.98532 0.98647
22263.40000 0.97510 0.98704
22263.60000 0.95737 0.99211
22263.70000 0.94948 0.99498
22263.80000 0.95949 0.99702
22263.90000 0.97092 0.99812
22264.00000 0.97186 0.99858
22264.10000 0.97356 0.99876
22264.20000 0.97692 0.99883
22264.40000 0.96488 0.99890
22264.50000 0.95498 0.99891
22264.60000 0.96705 0.99893
22264.70000 0.97908 0.99893
22264.80000 0.99342 0.99894
22264.90000 1.00269 0.99893
22265.00000 0.98167 0.99892
22265.10000 0.97675 0.99890
22265.30000 0.97495 0.99882
22265.40000 0.97891 0.99875
22265.50000 0.97803 0.99865
22265.60000 0.98915 0.99850
22265.70000 0.99898 0.99821
22265.80000 1.02319 0.99742
22265.90000 1.03114 0.99507
22266.10000 0.99333 0.97689
22266.20000 0.98447 0.95777
22266.30000 0.98075 0.93390
22266.40000 0.98412 0.90983
22266.50000 0.95793 0.89023
22266.60000 0.90552 0.87800
22266.70000 0.90531 0.87381
22266.90000 0.92405 0.88708
22267.00000 0.98403 0.90340
22267.10000 0.91784 0.92465
22267.20000 0.91896 0.94779
22267.30000 0.89468 0.96865
22267.40000 0.88154 0.98387
22267.50000 0.88978 0.99263
22267.70000 0.92235 0.99801
22267.80000 0.94262 0.99852
22267.90000 0.97090 0.99874
22268.00000 0.98559 0.99888
22268.10000 0.98457 0.99898
22268.20000 0.96388 0.99906
22268.30000 0.96447 0.99912
22268.40000 0.96052 0.99916
22268.60000 0.95300 0.99922
22268.70000 0.92868 0.99924
22268.80000 0.92758 0.99925
22268.90000 0.93867 0.99926
22269.00000 0.96527 0.99927
22269.10000 0.96128 0.99928
22269.20000 0.95318 0.99929
22269.40000 0.92738 0.99929
22269.50000 0.91988 0.99928
22269.60000 0.92889 0.99928
22269.70000 0.93965 0.99927
22269.80000 0.95563 0.99926
22269.90000 0.97933 0.99925
22270.00000 0.98988 0.99923
22270.20000 0.99866 0.99919
22270.30000 0.97571 0.99917
22270.40000 0.95019 0.99914
22270.50000 0.90996 0.99911
22270.60000 0.90916 0.99908
22270.70000 0.93487 0.99904
22270.80000 0.97503 0.99899
22270.90000 0.97467 0.99893
22271.10000 0.98264 0.99879
22271.20000 0.98415 0.99872
22271.30000 0.98528 0.99864
22271.40000 0.97820 0.99854
22271.50000 0.98709 0.99844
22271.60000 0.98873 0.99831
22271.70000 0.99277 0.99815
22271.90000 0.98764 0.99770
22272.00000 0.97002 0.99740
22272.10000 0.96261 0.99702
22272.20000 0.96086 0.99653
22272.30000 0.95900 0.99584
22272.40000 0.94791 0.99467
22272.50000 0.93604 0.99216
22272.70000 0.93053 0.97453
22272.80000 0.91360 0.95497
22272.90000 0.89305 0.92887
22273.00000 0.88332 0.90004
22273.10000 0.88074 0.87338
22273.20000 0.88254 0.85300
22273.30000 0.90043 0.84068
22273.40000 0.87458 0.83601
22273.60000 0.85240 0.84382
22273.70000 0.83241 0.85211
22273.80000 0.84192 0.86028
22273.90000 0.84789 0.86681
22274.00000 0.86260 0.87054
22274.10000 0.87937 0.87043
22274.20000 0.88300 0.86639
22274.40000 0.88229 0.85020
22274.50000 0.85988 0.84163
22274.60000 0.84426 0.83635
22274.70000 0.84674 0.83696
22274.80000 0.85518 0.84514
22274.90000 0.86571 0.86158
22275.00000 0.88307 0.88547
22275.10000 0.89394 0.91371
22275.30000 0.90152 0.96467
22275.40000 0.89974 0.98030
22275.50000 0.89428 0.98889
22275.60000 0.90728 0.99287
22275.70000 0.91255 0.99469
22275.80000 0.91884 0.99567
22275.90000 0.93052 0.99629
22276.10000 0.93864 0.99702
22276.20000 0.93966 0.99722
22276.30000 0.93034 0.99733
22276.40000 0.92321 0.99736
22276.50000 0.94266 0.99728
22276.60000 0.92577 0.99705
22276.70000 0.94010 0.99662
22276.80000 0.94315 0.99594
22277.00000 0.94487 0.99371
22277.10000 0.95362 0.99224
22277.20000 0.96640 0.99067
22277.30000 0.97509 0.98924
22277.40000 0.99377 0.98821
22277.50000 0.99263 0.98772
22277.60000 0.99073 0.98778
22277.70000 0.98547 0.98820
22277.90000 0.98417 0.98909
22278.00000 0.98907 0.98916
22278.10000 0.98875 0.98891
22278.20000 0.96743 0.98846
22278.30000 0.95783 0.98804
22278.40000 0.94295 0.98793
22278.50000 0.95111 0.98832
22278.70000 0.94953 0.99071
22278.80000 0.95803 0.99233
22278.90000 0.96191 0.99393
22279.00000 0.97479 0.99534
22279.10000 0.98644 0.99648
22279.20000 1.00381 0.99735
22279.30000 0.99416 0.99796
22279.40000 0.99851 0.99839
22279.60000 0.98831 0.99887
22279.70000 1.00033 0.99901
22279.80000 0.99635 0.99912
22279.90000 1.00161 0.99920
22280.00000 0.99596 0.99927
22280.10000 0.98101 0.99933
22280.20000 0.95142 0.99937
22280.30000 0.93985 0.99939
22280.50000 0.94099 0.99913
22280.60000 0.95944 0.99844
22280.70000 0.96654 0.99689
22280.80000 0.98270 0.99440
22280.90000 0.98808 0.99142
22281.00000 0.98697 0.98891
22281.10000 0.97389 0.98772
22281.30000 0.96670 0.99031
22281.40000 0.95441 0.99324
22281.50000 0.94671 0.99606
22281.60000 0.95318 0.99806
22281.70000 0.97303 0.99911
22281.80000 0.97362 0.99952
22281.90000 0.94341 0.99965
22282.00000 0.91624 0.99969
22282.20000 0.91353 0.99972
22282.30000 0.94539 0.99973
22282.40000 0.96402 0.99974
22282.50000 0.95915 0.99974
22282.60000 0.96104 0.99975
22282.70000 0.97011 0.99975
22282.80000 0.98655 0.99976
22282.90000 0.98422 0.99976
22283.10000 0.99275 0.99977
22283.20000 0.98137 0.99977
22283.30000 0.97897 0.99977
22283.40000 0.96829 0.99978
22283.50000 0.97162 0.99978
22283.60000 0.98149 0.99978
22283.70000 0.97456 0.99978
22283.80000 0.94205 0.99979
22284.00000 0.90507 0.99979
22284.10000 0.89661 0.99979
22284.20000 0.91603 0.99979
22284.30000 0.93700 0.99979
22284.40000 0.96808 0.99979
22284.50000 0.97214 0.99979
22284.60000 0.97142 0.99979
22284.80000 0.95935 0.99977
22284.90000 0.94188 0.99975
22285.00000 0.94056 0.99965
22285.10000 0.95439 0.99928
22285.20000 0.95798 0.99814
22285.30000 0.95300 0.99549
22285.40000 0.93586 0.99088
22285.50000 0.94820 0.98488
22285.70000 0.95900 0.97579
22285.80000 0.98833 0.97578
22285.90000 0.99799 0.97917
22286.00000 0.97776 0.98481
22286.10000 0.97198 0.99075
22286.20000 0.96652 0.99527
22286.30000 0.96273 0.99775
22286.40000 0.97306 0.99860
22286.60000 0.99604 0.99822
22286.70000 0.98339 0.99785
22286.80000 0.96899 0.99763
22286.90000 0.97551 0.99761
22287.00000 0.97838 0.99776
22287.10000 0.98854 0.99796
22287.20000 0.97161 0.99811
22287.30000 0.96741 0.99816
22287.50000 0.98622 0.99814
22287.60000 0.99986 0.99813
22287.70000 0.99893 0.99807
22287.80000 0.99854 0.99778
22287.90000 0.99569 0.99690
22288.00000 0.98959 0.99507
22288.10000 0.98977 0.99227
22288.20000 0.99440 0.98914
22288.40000 0.99013 0.98586
22288.50000 0.98970 0.98688
22288.60000 0.96550 0.98947
22288.70000 0.95984 0.99282
22288.80000 0.96583 0.99591
22288.90000 0.98663 0.99804
22289.00000 1.00238 0.99915
22289.10000 1.00977 0.99959
22289.30000 1.00353 0.99978
22289.40000 1.00175 0.99980
22289.50000 0.99227 0.99982
22289.60000 0.99042 0.99983
22289.70000 0.97468 0.99983
22289.80000 0.98150 0.99984
22289.90000 0.98221 0.99984
22290.00000 0.99067 0.99985
22290.20000 0.98559 0.99985
22290.30000 0.99432 0.99986
22290.40000 0.97376 0.99986
22290.50000 0.96069 0.99986
22290.60000 0.92739 0.99986
22290.70000 0.93222 0.99987
22290.80000 0.95955 0.99987
22290.90000 0.97996 0.99987
22291.10000 0.99066 0.99987
22291.20000 0.99373 0.99988
22291.30000 0.97942 0.99988
22291.40000 0.97277 0.99988
22291.50000 0.97591 0.99988
22291.60000 0.99276 0.99988
22291.70000 0.98941 0.99989
22291.80000 0.99312 0.99989
22292.00000 0.98153 0.99989
22292.10000 0.97055 0.99988
22292.20000 0.96257 0.99988
22292.30000 0.97017 0.99988
22292.40000 0.96738 0.99988
22292.50000 0.96608 0.99988
22292.60000 0.94600 0.99988
22292.70000 0.95077 0.99988
22292.90000 0.96236 0.99987
22293.00000 0.98526 0.99987
22293.10000 0.98411 0.99987
22293.20000 0.99724 0.99987
22293.30000 0.99171 0.99987
22293.40000 0.99482 0.99987
22293.50000 0.98865 0.99987
22293.60000 0.99066 0.99987
22293.80000 0.96668 0.99987
22293.90000 0.96511 0.99987
22294.00000 0.96576 0.99987
22294.10000 0.98350 0.99987
22294.20000 0.98451 0.99986
22294.30000 0.98900 0.99986
22294.40000 0.99345 0.99986
22294.50000 0.99115 0.99985
22294.70000 0.99194 0.99984
22294.80000 0.98686 0.99984
22294.90000 0.96683 0.99984
22295.00000 0.95636 0.99983
22295.10000 0.94886 0.99983
22295.20000 0.96570 0.99982
22295.30000 0.97757 0.99981
22295.40000 0.98556 0.99980
22295.60000 0.98772 0.99978
22295.70000 0.98381 0.99976
22295.80000 0.96576 0.99975
22295.90000 0.95896 0.99973
22296.00000 0.91483 0.99970
22296.10000 0.94746 0.99968
22296.20000 0.93546 0.99964
22296.30000 0.93126 0.99960
22296.40000 0.93383 0.99955
22296.60000 0.94318 0.99937
22296.70000 0.95853 0.99922
22296.80000 0.97030 0.99899
22296.90000 1.08093 0.99864
22297.00000 0.98026 0.99808
22297.10000 0.96175 0.99730
22297.20000 0.97077 0.99634
22297.30000 0.96927 0.99531
22297.50000 0.97956 0.99386
22297.60000 0.98855 0.99371
22297.70000 0.99528 0.99393
22297.80000 0.98853 0.99436
22297.90000 0.98808 0.99485
22298.00000 0.97547 0.99528
22298.10000 0.97367 0.99555
22298.20000 0.95396 0.99564
22298.40000 0.96258 0.99565
22298.50000 0.97788 0.99564
22298.60000 1.00017 0.99553
22298.70000 0.98217 0.99524
22298.80000 0.99285 0.99480
22298.90000 0.99528 0.99430
22299.00000 0.99882 0.99389
22299.10000 1.00120 0.99371
22299.30000 0.99282 0.99450
22299.40000 0.97370 0.99540
22299.50000 0.96518 0.99641
22299.60000 0.96873 0.99736
22299.70000 0.96796 0.99812
22299.80000 0.94044 0.99866
22299.90000 0.92483 0.99901
22300.00000 0.93911 0.99924
22300.10000 0.97057 0.99938
22300.30000 0.99074 0.99954
22300.40000 0.99606 0.99960
22300.50000 0.99300 0.99964
22300.60000 1.00528 0.99967
22300.70000 0.99236 0.99970
22300.80000 0.99663 0.99972
22300.90000 0.99987 0.99973
22301.00000 0.99565 0.99975
22301.20000 0.99688 0.99976
22301.30000 0.98831 0.99976
22301.40000 0.97971 0.99976
22301.50000 0.99667 0.99976
22301.60000 1.00283 0.99973
22301.70000 1.01190 0.99966
22301.80000 1.00877 0.99941
22301.90000 1.00094 0.99872
22302.10000 0.98947 0.99458
22302.20000 0.99415 0.99138
22302.30000 1.00317 0.98856
22302.40000 1.01910 0.98713
22302.50000 0.99821 0.98758
22302.60000 1.01421 0.98963
22302.70000 0.98368 0.99238
22302.80000 0.98082 0.99478
22302.90000 0.97285 0.99628
22303.10000 0.97829 0.99727
22303.20000 0.98487 0.99747
22303.30000 0.99560 0.99772
22303.40000 1.00002 0.99804
22303.50000 1.00004 0.99838
22303.60000 0.99362 0.99874
22303.70000 0.99827 0.99908
22303.80000 0.99110 0.99935
22304.00000 0.98853 0.99965
22304.10000 0.98477 0.99971
22304.20000 0.98924 0.99974
22304.30000 0.97531 0.99976
22304.40000 0.96950 0.99977
22304.50000 0.95455 0.99977
22304.60000 0.96247 0.99977
22304.70000 0.97342 0.99978
22304.90000 0.99648 0.99977
22305.00000 0.99865 0.99977
22305.10000 1.01037 0.99976
22305.20000 1.00330 0.99976
22305.30000 0.99788 0.99975
22305.40000 0.97979 0.99974
22305.50000 0.98068 0.99973
22305.60000 0.96767 0.99972
22305.70000 0.96692 0.99971
22305.90000 0.95590 0.99967
22306.00000 0.95489 0.99962
22306.10000 0.96740 0.99950
22306.20000 0.99100 0.99918
22306.30000 0.99518 0.99833
22306.40000 1.00138 0.99661
22306.50000 1.00189 0.99396
22306.60000 1.00360 0.99091
22306.80000 0.97732 0.98718
22306.90000 0.97145 0.98757
22307.00000 0.95698 0.98936
22307.10000 0.96691 0.99188
22307.20000 0.96913 0.99428
22307.30000 0.97687 0.99598
22307.40000 0.97667 0.99698
22307.50000 0.98819 0.99754
22307.60000 0.98830 0.99790
22307.80000 0.96877 0.99811
22307.90000 0.94694 0.99798
22308.00000 0.95386 0.99776
22308.10000 0.94808 0.99753
22308.20000 0.96067 0.99733
22308.30000 0.96483 0.99717
22308.40000 0.96780 0.99704
22308.50000 0.95244 0.99685
22308.70000 0.94512 0.99543
22308.80000 0.94270 0.99275
22308.90000 0.94402 0.98612
22309.00000 0.94371 0.97254
22309.10000 0.95852 0.95090
22309.20000 0.94332 0.92389
22309.30000 0.94052 0.89777
22309.40000 0.94708 0.88092
22309.50000 0.95956 0.88026
22309.70000 0.95327 0.92171
22309.80000 0.94879 0.94849
22309.90000 0.94163 0.96937
22310.00000 0.93425 0.98005
22310.10000 0.93384 0.97946
22310.20000 0.94774 0.96943
22310.30000 0.96270 0.95318
22310.40000 0.96104 0.93422
22310.60000 0.94882 0.90688
22310.70000 0.92150 0.90863
22310.80000 0.89045 0.92053
22310.90000 0.88376 0.93737
22311.00000 0.95472 0.95445
22311.10000 0.97438 0.96794
22311.20000 0.96334 0.97398
22311.30000 0.95272 0.96939
22311.40000 0.93864 0.95352
22311.60000 0.95210 0.90316
22311.70000 0.95130 0.88349
22311.80000 0.94642 0.87855
22311.90000 0.93588 0.89083
22312.00000 0.94671 0.91502
22312.10000 0.95085 0.94253
22312.20000 0.95431 0.96621
22312.30000 0.95248 0.98222
22312.50000 0.94663 0.99390
22312.60000 0.93119 0.99508
22312.70000 0.91696 0.99563
22312.80000 0.91623 0.99614
22312.90000 0.92458 0.99679
22313.00000 0.94455 0.99757
22313.10000 0.97389 0.99830
22313.20000 0.98456 0.99882
22313.30000 0.98160 0.99911
22313.50000 0.98215 0.99935
22313.60000 0.99246 0.99941
22313.70000 0.98434 0.99946
22313.80000 0.99208 0.99950
22313.90000 0.98550 0.99954
22314.00000 0.98248 0.99957
22314.10000 0.96325 0.99960
22314.20000 0.95725 0.99962
22314.40000 0.94774 0.99967
22314.50000 0.95541 0.99969
22314.60000 0.95755 0.99970
22314.70000 0.95983 0.99972
22314.80000 0.96462 0.99973
22314.90000 0.97667 0.99974
22315.00000 0.98066 0.99975
22315.10000 0.99391 0.99976
22315.20000 0.99508 0.99977
22315.40000 0.98569 0.99979
22315.50000 0.98187 0.99980
22315.60000 0.98515 0.99981
22315.70000 0.97408 0.99982
22315.80000 0.98037 0.99982
22315.90000 0.98057 0.99983
22316.00000 0.98767 0.99983
22316.10000 0.98351 0.99983
22316.30000 0.98365 0.99984
22316.40000 0.97611 0.99985
22316.50000 0.98126 0.99985
22316.60000 0.97978 0.99986
22316.70000 0.96922 0.99986
22316.80000 0.95955 0.99986
22316.90000 0.95691 0.99987
22317.00000 0.95858 0.99987
22317.10000 0.96436 0.99988
22317.30000 0.97123 0.99988
22317.40000 0.97306 0.99989
22317.50000 0.98716 0.99989
22317.60000 0.99863 0.99989
22317.70000 0.99771 0.99989
22317.80000 0.98830 0.99989
22317.90000 0.98929 0.99989
22318.00000 1.00179 0.99989
22318.10000 1.00212 0.99990
22318.30000 0.99051 0.99990
22318.40000 1.00781 0.99990
22318.50000 1.06709 0.99990
22318.60000 0.99489 0.99990
22318.70000 0.98384 0.99990
22318.80000 0.98408 0.99990
22318.90000 0.66993 0.99990
22319.00000 0.98835 0.99989
22319.20000 0.98476 0.99986
22319.30000 1.01745 0.99977
22319.40000 0.96510 0.99948
22319.50000 0.95912 0.99858
22319.60000 0.96412 0.99651
22319.70000 0.97780 0.99290
22319.80000 0.97837 0.98821
22319.90000 0.98417 0.98377
22320.00000 1.03054 0.98108
22320.20000 1.03057 0.98369
22320.30000 1.00627 0.98812
22320.40000 0.99581 0.99282
22320.50000 0.97248 0.99646
22320.60000 0.97989 0.99856
22320.70000 0.98582 0.99947
22320.80000 1.00186 0.99978
22320.90000 1.00995 0.99987
22321.00000 1.00095 0.99990
22321.20000 0.98727 0.99992
22321.30000 0.98331 0.99992
22321.40000 0.97447 0.99992
22321.50000 0.98442 0.99992
22321.60000 0.99398 0.99993
22321.70000 1.00056 0.99993
22321.80000 0.99750 0.99993
22321.90000 0.99660 0.99993
22322.10000 0.99979 0.99993
22322.20000 1.02385 0.99993
22322.30000 0.96930 0.99993
22322.40000 0.91908 0.99993
22322.50000 1.00745 0.99993
22322.60000 0.98341 0.99993
22322.70000 0.97018 0.99994
22322.80000 0.96033 0.99994
22322.90000 0.95018 0.99993
22323.10000 0.93824 0.99993
22323.20000 0.94971 0.99993
22323.30000 0.96411 0.99993
22323.40000 0.96541 0.99993
22323.50000 0.94443 0.99993
22323.60000 0.94889 0.99993
22323.70000 0.98098 0.99993
22323.80000 0.98712 0.99993
22323.90000 0.96301 0.99993
22324.10000 0.93839 0.99993
22324.20000 0.92757 0.99994
22324.30000 0.93184 0.99994
22324.40000 0.94352 0.99994
22324.50000 0.96545 0.99994
22324.60000 0.97443 0.99994
22324.70000 0.97746 0.99994
22324.80000 0.97757 0.99994
22324.90000 0.98511 0.99994
22325.10000 0.97422 0.99993
22325.20000 0.97675 0.99993
22325.30000 0.97354 0.99993
22325.40000 0.98683 0.99993
22325.50000 0.99821 0.99993
22325.60000 1.00153 0.99993
22325.70000 1.00100 0.99993
22325.80000 0.99314 0.99993
22326.00000 0.97084 0.99993
22326.10000 0.96989 0.99992
22326.20000 0.96971 0.99992
22326.30000 0.97586 0.99991
22326.40000 0.98152 0.99989
22326.50000 0.98771 0.99984
22326.60000 1.00966 0.99965
22326.70000 0.87965 0.99905
22326.80000 1.02701 0.99750
22327.00000 1.00466 0.99010
22327.10000 0.98279 0.98540
22327.20000 0.97331 0.98192
22327.30000 0.97351 0.98083
22327.40000 0.97166 0.98251
22327.50000 0.97871 0.98640
22327.60000 0.97852 0.99116
22327.70000 0.97527 0.99531
22327.80000 0.95425 0.99798
22328.00000 0.90680 0.99974
22328.10000 0.88410 0.99987
22328.20000 0.87284 0.99991
22328.30000 0.88909 0.99992
22328.40000 0.90904 0.99992
22328.50000 0.92729 0.99993
22328.60000 0.96384 0.99993
22328.70000 0.98040 0.99993
22328.80000 0.98658 0.99993
22329.00000 0.99023 0.99993
22329.10000 0.99657 0.99994
22329.20000 0.99440 0.99994
22329.30000 0.99392 0.99994
22329.40000 0.99303 0.99994
22329.50000 0.98330 0.99994
22329.60000 0.97100 0.99994
22329.70000 0.97597 0.99994
22329.90000 0.98366 0.99993
22330.00000 0.97971 0.99993
22330.10000 0.98680 0.99993
22330.20000 0.97828 0.99993
22330.30000 0.97341 0.99993
22330.40000 0.97105 0.99993
22330.50000 0.96341 0.99993
22330.60000 0.97216 0.99992
22330.70000 0.98206 0.99991
22330.90000 0.99172 0.99976
22331.00000 0.99316 0.99935
22331.10000 0.99104 0.99828
22331.20000 0.98395 0.99620
22331.30000 0.96200 0.99317
22331.40000 0.98939 0.98994
22331.50000 0.93036 0.98756
22331.60000 0.94206 0.98684
22331.70000 1.01656 0.98800
22331.90000 0.96575 0.99392
22332.00000 0.96738 0.99675
22332.10000 0.97583 0.99858
22332.20000 0.97676 0.99945
22332.30000 0.96871 0.99978
22332.40000 0.95859 0.99988
22332.50000 0.94277 0.99991
22332.60000 0.94979 0.99992
22332.70000 0.96445 0.99993
22332.90000 0.97974 0.99993
22333.00000 0.98487 0.99993
22333.10000 0.97872 0.99993
22333.20000 0.95811 0.99993
22333.30000 0.94666 0.99993
22333.40000 0.96052 0.99993
22333.50000 0.97914 0.99993
22333.60000 0.98349 0.99993
22333.80000 0.98403 0.99992
22333.90000 0.97447 0.99991
22334.00000 0.96804 0.99987
22334.10000 0.95771 0.99976
22334.20000 0.95952 0.99941
22334.30000 0.96488 0.99841
22334.40000 0.96489 0.99611
22334.50000 0.97641 0.99218
22334.60000 0.98352 0.98715
22334.80000 0.99510 0.97975
22334.90000 0.97814 0.97987
22335.00000 0.98079 0.98282
22335.10000 0.99093 0.98759
22335.20000 0.99521 0.99257
22335.30000 0.98413 0.99638
22335.40000 0.97006 0.99855
22335.50000 0.94953 0.99948
22335.60000 0.96307 0.99979
22335.80000 0.97368 0.99991
22335.90000 0.99147 0.99992
22336.00000 0.99912 0.99993
22336.10000 1.00138 0.99993
22336.20000 1.00076 0.99993
22336.30000 0.99246 0.99993
22336.40000 0.98267 0.99993
22336.50000 0.97099 0.99993
22336.60000 0.97820 0.99992
22336.80000 0.98335 0.99992
22336.90000 0.97795 0.99992
22337.00000 0.97108 0.99992
22337.10000 0.97972 0.99992
22337.20000 0.98206 0.99991
22337.30000 0.98098 0.99991
22337.40000 0.98295 0.99990
22337.50000 0.97640 0.99988
22337.60000 0.97830 0.99981
22337.80000 0.96877 0.99894
