22071.00000 1.02257 0.99105
22071.10000 0.97240 0.98982
22071.10000 0.98575 0.98982
22071.20000 0.98023 0.98817
22071.20000 0.96537 0.98817
22071.40000 0.96477 0.98522
22071.50000 0.96723 0.98478
22071.50000 0.96464 0.98478
22071.60000 0.96374 0.98516
22071.70000 0.96025 0.98606
22071.80000 0.96917 0.98701
22071.90000 0.98249 0.98766
22072.00000 0.98405 0.98793
22072.00000 0.98319 0.98793
22072.10000 0.99155 0.98796
22072.20000 0.96931 0.98790
22072.20000 0.95546 0.98790
22072.40000 0.95552 0.98773
22072.50000 0.94619 0.98761
22072.50000 0.94854 0.98761
22072.60000 0.95558 0.98745
22072.70000 0.95457 0.98727
22072.80000 0.96522 0.98710
22072.90000 0.97732 0.98697
22073.00000 0.98660 0.98690
22073.00000 0.98213 0.98690
22073.10000 0.99195 0.98693
22073.20000 0.98211 0.98704
22073.20000 0.96005 0.98704
22073.40000 0.95426 0.98746
22073.50000 0.94525 0.98772
22073.60000 0.94168 0.98799
22073.60000 0.96591 0.98799
22073.70000 0.96294 0.98825
22073.80000 0.97164 0.98850
22073.90000 0.98640 0.98873
22074.00000 0.97293 0.98895
22074.10000 0.96775 0.98910
22074.10000 0.97036 0.98910
22074.20000 0.99515 0.98909
22074.20000 1.01128 0.98909
22074.40000 0.99936 0.98787
22074.50000 1.00162 0.98660
22074.60000 1.00034 0.98531
22074.70000 0.98583 0.98451
22074.70000 0.95961 0.98451
22074.80000 0.93688 0.98455
22074.90000 0.94326 0.98542
22075.00000 0.95355 0.98677
22075.10000 0.97241 0.98806
22075.20000 0.98244 0.98894
22075.20000 0.98533 0.98894
22075.20000 0.98344 0.98894
22075.40000 0.99428 0.98939
22075.50000 1.00346 0.98928
22075.60000 1.00925 0.98910
22075.70000 1.00645 0.98889
22075.80000 0.99578 0.98864
22075.90000 1.00937 0.98839
22076.00000 0.98099 0.98812
22076.00000 0.99491 0.98812
22076.10000 0.98638 0.98785
22076.20000 0.97950 0.98757
22076.20000 0.96405 0.98757
22076.40000 0.96773 0.98694
22076.50000 0.96239 0.98659
22076.60000 0.97218 0.98623
22076.60000 0.97567 0.98623
22076.70000 0.96529 0.98586
22076.80000 0.97492 0.98550
22076.90000 0.96961 0.98515
22077.00000 0.98514 0.98478
22077.10000 0.99945 0.98439
22077.20000 0.99410 0.98397
22077.20000 0.99120 0.98397
22077.20000 0.97668 0.98397
22077.40000 0.98033 0.98304
22077.50000 0.96992 0.98254
22077.60000 0.95660 0.98203
22077.70000 0.94642 0.98148
22077.80000 0.94656 0.98090
22077.90000 0.95976 0.98027
22078.00000 0.96500 0.97960
22078.10000 0.97176 0.97888
22078.10000 0.98289 0.97888
22078.20000 0.97956 0.97812
22078.20000 0.99625 0.97812
22078.40000 0.96296 0.97649
22078.50000 0.96863 0.97558
22078.60000 0.95526 0.97457
22078.70000 0.94475 0.97345
22078.80000 0.93763 0.97219
22078.90000 0.94427 0.97079
22078.90000 0.96210 0.97079
22079.00000 0.96801 0.96921
22079.10000 0.95841 0.96747
22079.20000 0.95746 0.96558
22079.20000 0.95267 0.96558
22079.40000 0.94858 0.96160
22079.50000 0.94315 0.95967
22079.60000 0.95874 0.95782
22079.70000 0.96896 0.95599
22079.80000 0.97540 0.95408
22079.80000 0.98477 0.95408
22079.90000 0.99340 0.95198
22080.00000 0.98463 0.94968
22080.10000 0.98695 0.94727
22080.20000 0.97304 0.94481
22080.20000 0.96648 0.94481
22080.40000 0.95226 0.93981
22080.50000 0.93451 0.93710
22080.60000 0.92431 0.93410
22080.70000 0.93872 0.93069
22080.70000 0.94548 0.93069
22080.80000 0.93576 0.92681
22080.90000 0.94016 0.92243
22081.00000 0.93759 0.91753
22081.10000 0.92356 0.91212
22081.20000 0.93435 0.90614
22081.20000 0.91620 0.90614
22081.40000 0.89656 0.89241
22081.50000 0.87919 0.88461
22081.60000 0.87441 0.87618
22081.70000 0.87185 0.86714
22081.80000 0.89076 0.85744
22081.80000 0.87796 0.85744
22081.90000 0.87530 0.84702
22082.00000 0.85708 0.83586
22082.10000 0.84879 0.82405
22082.20000 0.83187 0.81179
22082.20000 0.82772 0.81179
22082.40000 0.81401 0.78691
22082.50000 0.79004 0.77457
22082.60000 0.79021 0.76235
22082.70000 0.77313 0.75041
22082.80000 0.74579 0.73925
22082.90000 0.73383 0.72971
22083.00000 0.73013 0.72296
22083.00000 0.70302 0.72296
22083.10000 0.69624 0.72007
22083.20000 0.71235 0.72140
22083.20000 0.70752 0.72140
22083.40000 0.72997 0.73303
22083.50000 0.75001 0.73960
22083.60000 0.75773 0.74380
22083.70000 0.75474 0.74428
22083.80000 0.74701 0.74090
22083.90000 0.73167 0.73473
22084.00000 0.71806 0.72778
22084.10000 0.70914 0.72231
22084.20000 0.71538 0.72004
22084.20000 0.72861 0.72004
22084.40000 0.73717 0.72781
22084.50000 0.74190 0.73680
22084.50000 0.75406 0.73680
22084.60000 0.77762 0.74767
22084.70000 0.79111 0.75949
22084.80000 0.80812 0.77168
22084.90000 0.83341 0.78400
22085.00000 0.84264 0.79643
22085.10000 0.84749 0.80890
22085.20000 0.85795 0.82123
22085.20000 0.88179 0.82123
22085.40000 0.86898 0.84454
22085.50000 0.89332 0.85516
22085.60000 0.89133 0.86506
22085.70000 0.90500 0.87430
22085.80000 0.90985 0.88292
22085.90000 0.92932 0.89095
22086.00000 0.92191 0.89837
22086.10000 0.92246 0.90519
22086.20000 0.92739 0.91144
22086.20000 0.93133 0.91144
22086.40000 0.93731 0.92240
22086.50000 0.94326 0.92717
22086.60000 0.95582 0.93153
22086.60000 0.95338 0.93153
22086.70000 0.95975 0.93552
22086.80000 0.96747 0.93920
22086.90000 0.96206 0.94260
22087.00000 0.97411 0.94574
22087.10000 0.97079 0.94857
22087.20000 0.97523 0.95101
22087.20000 0.97614 0.95101
22087.40000 0.97524 0.95396
22087.50000 0.97948 0.95436
22087.60000 0.97974 0.95447
22087.70000 0.98284 0.95498
22087.80000 0.98741 0.95642
22087.90000 0.97224 0.95891
22088.00000 0.97618 0.96207
22088.10000 0.96912 0.96520
22088.20000 0.96466 0.96765
22088.20000 0.96378 0.96765
22088.40000 0.96639 0.96936
22088.50000 0.97369 0.96870
22088.60000 0.97071 0.96756
22088.70000 0.95705 0.96666
22088.80000 0.95501 0.96663
22088.90000 0.93218 0.96771
22089.00000 0.93911 0.96957
22089.10000 0.95332 0.97146
22089.20000 0.97236 0.97266
22089.20000 0.97212 0.97266
22089.40000 0.98197 0.97220
22089.50000 0.98853 0.97112
22089.60000 0.97841 0.97006
22089.70000 0.97833 0.96937
22089.80000 0.96475 0.96934
22089.90000 0.95775 0.97002
22090.00000 0.97408 0.97113
22090.10000 0.96881 0.97204
22090.20000 0.97276 0.97203
22090.20000 0.96351 0.97203
22090.40000 0.97833 0.96833
22090.50000 0.97244 0.96585
22090.60000 0.95765 0.96442
22090.70000 0.95820 0.96474
22090.80000 0.98120 0.96660
22090.90000 0.98141 0.96901
22091.00000 0.98439 0.97093
22091.10000 0.99436 0.97185
22091.20000 0.99437 0.97185
22091.20000 0.99262 0.97185
22091.40000 0.99320 0.97066
22091.50000 0.98257 0.97065
22091.60000 0.96870 0.97171
22091.70000 0.96544 0.97366
22091.80000 0.95217 0.97584
22091.90000 0.97484 0.97756
22092.00000 0.98997 0.97826
22092.10000 0.99830 0.97770
22092.20000 1.00270 0.97626
22092.20000 0.98171 0.97626
22092.40000 0.96523 0.97490
22092.50000 0.96141 0.97660
22092.60000 0.96142 0.97961
22092.70000 0.94833 0.98283
22092.80000 0.94258 0.98512
22092.90000 0.94213 0.98597
22093.00000 0.94970 0.98562
22093.10000 0.95203 0.98476
22093.20000 0.98042 0.98412
22093.20000 0.98594 0.98412
22093.40000 0.98506 0.98501
22093.50000 0.99026 0.98647
22093.60000 0.99215 0.98818
22093.70000 0.98583 0.98979
22093.80000 0.98857 0.99104
22093.90000 0.97160 0.99186
22093.90000 0.97007 0.99186
22094.00000 0.98750 0.99233
22094.20000 0.99042 0.99282
22094.20000 0.99161 0.99282
22094.40000 0.99406 0.99332
22094.50000 0.98640 0.99361
22094.60000 0.98299 0.99392
22094.70000 0.98312 0.99420
22094.90000 0.97039 0.99465
22095.00000 0.97390 0.99480
22095.10000 0.97448 0.99492
22095.20000 0.99629 0.99502
22095.20000 1.01009 0.99502
22095.40000 1.00215 0.99519
22095.50000 0.98782 0.99526
22095.60000 0.98240 0.99534
22095.70000 0.95430 0.99541
22095.80000 0.95063 0.99548
22095.80000 0.98222 0.99548
22095.90000 0.99656 0.99554
22096.10000 1.01583 0.99564
22096.20000 1.00082 0.99568
22096.20000 0.98900 0.99568
22096.40000 0.99566 0.99577
22096.50000 0.99583 0.99582
22096.60000 0.99393 0.99585
22096.70000 0.99839 0.99587
22096.80000 0.98376 0.99586
22096.90000 0.97894 0.99584
22097.00000 0.96517 0.99581
22097.20000 0.94559 0.99579
22097.20000 0.92767 0.99579
22097.40000 0.93376 0.99583
22097.40000 0.93852 0.99583
22097.50000 0.96254 0.99582
22097.70000 0.96686 0.99543
22097.80000 0.98467 0.99487
22097.80000 0.97295 0.99487
22098.00000 0.97960 0.99297
22098.10000 0.96139 0.99213
22098.20000 0.94888 0.99177
22098.20000 0.93463 0.99177
22098.40000 0.95085 0.99256
22098.50000 0.96432 0.99304
22098.60000 0.97483 0.99301
22098.70000 0.98569 0.99242
22098.90000 0.98883 0.99131
22099.00000 0.99056 0.99158
22099.10000 0.99290 0.99245
22099.20000 0.98079 0.99360
22099.20000 0.99073 0.99360
22099.40000 0.98230 0.99531
22099.40000 0.98286 0.99531
22099.60000 0.97209 0.99583
22099.70000 0.97918 0.99596
22099.80000 0.98434 0.99611
22099.80000 0.99842 0.99611
22100.00000 0.98586 0.99646
22100.10000 0.98101 0.99661
22100.20000 0.97583 0.99672
22100.40000 0.98315 0.99681
22100.50000 0.99750 0.99679
22100.60000 0.99255 0.99665
22100.70000 0.97962 0.99618
22100.80000 0.96550 0.99512
22100.90000 0.95453 0.99340
22100.90000 0.98409 0.99340
22101.00000 0.99672 0.99136
22101.10000 0.99619 0.98974
22101.20000 0.98288 0.98921
22101.40000 0.99002 0.99186
22101.50000 0.98165 0.99403
22101.60000 1.00019 0.99583
22101.70000 0.99551 0.99693
22101.80000 0.98731 0.99744
22101.90000 0.98045 0.99763
22102.00000 0.98547 0.99771
22102.10000 0.95568 0.99775
22102.20000 0.95584 0.99777
22102.40000 0.93745 0.99782
22102.40000 0.91124 0.99782
22102.70000 0.90705 0.99787
22102.70000 0.94421 0.99787
22102.80000 0.96644 0.99788
22102.90000 0.99479 0.99789
22103.00000 0.99786 0.99791
22103.10000 0.98603 0.99792
22103.20000 0.93696 0.99793
22103.20000 0.89314 0.99793
22103.40000 0.89927 0.99795
22103.60000 0.94030 0.99797
22103.80000 0.95219 0.99798
22103.80000 0.96601 0.99798
22103.90000 0.98415 0.99799
22104.00000 1.00810 0.99799
22104.20000 0.99285 0.99800
22104.20000 0.97582 0.99800
22104.40000 0.95761 0.99798
22104.40000 0.95393 0.99798
22104.60000 0.96538 0.99782
22104.70000 0.95499 0.99750
22104.80000 0.96562 0.99688
22104.90000 0.97555 0.99597
22105.00000 0.97475 0.99500
22105.10000 0.97572 0.99430
22105.20000 0.97448 0.99417
22105.40000 0.98737 0.99552
22105.40000 0.95591 0.99552
22105.60000 0.95297 0.99722
22105.80000 0.95646 0.99781
22105.80000 0.96869 0.99781
22105.90000 0.97942 0.99786
22106.10000 0.97881 0.99784
22106.20000 0.98305 0.99781
22106.20000 0.97609 0.99781
22106.20000 0.97534 0.99781
22106.50000 0.97453 0.99771
22106.60000 0.96976 0.99766
22106.70000 0.97509 0.99761
22106.80000 0.96551 0.99755
22106.90000 0.96083 0.99748
22107.00000 0.96439 0.99741
22107.10000 0.97086 0.99732
22107.40000 0.97571 0.99695
22107.40000 0.98807 0.99695
22107.50000 0.97649 0.99678
22107.70000 0.98038 0.99634
22107.80000 0.96449 0.99604
22107.80000 0.96851 0.99604
22107.90000 0.95605 0.99567
22108.00000 0.94864 0.99523
22108.20000 0.92882 0.99405
22108.20000 0.92690 0.99405
22108.40000 0.93334 0.99244
22108.50000 0.95163 0.99148
22108.60000 0.95030 0.99048
22108.70000 0.95246 0.98947
22108.80000 0.94795 0.98848
22109.00000 0.96179 0.98658
22109.10000 0.96432 0.98572
22109.20000 0.97767 0.98493
22109.20000 0.95542 0.98493
22109.40000 0.96354 0.98373
22109.50000 0.94842 0.98334
22109.70000 0.95674 0.98277
22109.80000 0.94780 0.98251
22109.90000 0.96987 0.98234
22110.00000 0.97048 0.98229
22110.10000 0.97946 0.98231
22110.20000 0.96689 0.98234
22110.20000 0.97841 0.98234
22110.50000 0.99836 0.98227
22110.60000 1.01049 0.98214
22110.70000 1.01130 0.98195
22110.80000 1.00793 0.98169
22110.90000 1.00603 0.98134
22111.00000 0.99554 0.98086
22111.20000 0.98334 0.97952
22111.20000 0.97708 0.97952
22111.40000 0.98062 0.97802
22111.50000 1.00450 0.97730
22111.60000 1.00839 0.97661
22111.70000 1.02553 0.97597
22111.80000 0.99970 0.97540
22112.00000 0.99881 0.97462
22112.10000 0.97380 0.97452
22112.20000 0.98687 0.97467
22112.20000 0.98474 0.97467
22112.40000 0.99830 0.97547
22112.50000 1.00282 0.97598
22112.70000 1.00330 0.97748
22112.80000 1.00149 0.97854
22112.90000 0.99884 0.97974
22113.00000 0.99844 0.98104
22113.10000 1.00130 0.98241
22113.20000 0.99116 0.98382
22113.40000 0.98378 0.98665
22113.50000 0.97613 0.98805
22113.60000 0.98462 0.98940
22113.70000 0.98252 0.99064
22113.80000 0.98150 0.99173
22114.00000 0.99201 0.99346
22114.10000 0.99738 0.99413
22114.20000 1.00124 0.99470
22114.20000 1.01014 0.99470
22114.40000 1.01326 0.99556
22114.50000 1.01089 0.99590
22114.70000 0.99789 0.99645
22114.80000 0.99769 0.99668
22114.90000 0.98690 0.99689
22115.00000 0.99354 0.99706
22115.10000 0.99662 0.99722
22115.20000 0.99810 0.99736
22115.40000 0.98567 0.99760
22115.50000 1.00000 0.99771
22115.60000 0.98598 0.99780
22115.70000 0.98991 0.99788
22115.80000 0.98979 0.99796
22116.00000 0.99262 0.99809
22116.10000 0.97723 0.99815
22116.20000 0.97667 0.99821
22116.20000 0.93396 0.99821
22116.40000 0.94395 0.99830
22116.60000 0.95750 0.99838
22116.70000 0.97451 0.99842
22116.80000 0.98737 0.99845
22116.90000 0.99915 0.99848
22117.00000 0.99136 0.99851
22117.20000 1.00778 0.99856
22117.20000 0.99983 0.99856
22117.40000 0.98658 0.99858
22117.50000 0.97240 0.99857
22117.60000 0.96558 0.99846
22117.70000 0.96997 0.99815
22117.90000 0.98390 0.99640
22118.00000 0.96929 0.99507
22118.10000 0.98425 0.99392
22118.20000 0.95846 0.99334
22118.20000 0.94312 0.99334
22118.50000 0.95063 0.99501
22118.60000 0.96777 0.99558
22118.70000 0.98440 0.99582
22118.80000 0.99532 0.99593
22118.90000 0.98626 0.99615
22119.10000 0.98251 0.99723
22119.20000 0.97497 0.99785
22119.20000 0.98125 0.99785
22119.40000 0.98087 0.99858
22119.50000 0.98376 0.99863
22119.70000 0.96688 0.99814
22119.80000 0.97602 0.99758
22119.90000 0.96025 0.99694
22120.00000 0.97924 0.99640
22120.10000 0.99115 0.99614
22120.20000 0.99478 0.99626
22120.40000 0.99344 0.99732
22120.50000 0.99864 0.99791
22120.60000 0.98345 0.99833
22120.70000 0.98538 0.99855
22120.90000 0.97672 0.99864
22121.00000 0.95562 0.99862
22121.10000 0.94038 0.99859
22121.20000 0.95609 0.99855
22121.20000 0.95732 0.99855
22121.50000 0.94317 0.99842
22121.60000 0.97428 0.99836
22121.70000 0.99357 0.99829
22121.80000 0.99288 0.99822
22122.00000 0.99603 0.99803
22122.10000 0.98355 0.99791
22122.20000 0.98576 0.99778
22122.20000 0.97603 0.99778
22122.40000 0.97684 0.99743
22122.60000 0.97422 0.99696
22122.70000 0.97846 0.99667
22122.80000 0.97266 0.99634
22122.90000 0.95436 0.99597
22123.00000 0.92853 0.99555
22123.20000 0.94345 0.99461
22123.20000 0.94396 0.99461
22123.40000 0.96001 0.99357
22123.50000 0.95731 0.99304
22123.60000 0.95421 0.99252
22123.80000 0.95283 0.99153
22123.90000 0.95643 0.99112
22124.00000 0.97327 0.99079
22124.10000 0.97257 0.99055
22124.20000 0.96036 0.99038
22124.40000 0.97124 0.99020
22124.50000 0.97282 0.99015
22124.60000 0.99081 0.99013
22124.70000 0.98322 0.99014
22124.90000 0.99626 0.99033
22125.00000 0.99371 0.99054
22125.10000 0.99552 0.99083
22125.20000 0.98476 0.99119
22125.40000 0.97157 0.99202
22125.50000 0.96134 0.99245
22125.60000 0.96534 0.99288
22125.70000 0.97887 0.99331
22125.80000 0.99242 0.99373
22126.00000 0.99040 0.99450
22126.10000 1.00179 0.99483
22126.20000 0.99308 0.99514
22126.20000 0.98339 0.99514
22126.40000 0.96726 0.99565
22126.60000 0.98147 0.99605
22126.70000 0.98650 0.99623
22126.80000 1.00480 0.99640
22126.90000 0.99587 0.99657
22127.10000 0.99687 0.99686
22127.20000 0.98389 0.99700
22127.20000 0.96696 0.99700
22127.40000 0.96993 0.99725
22127.50000 0.98120 0.99736
22127.70000 0.98388 0.99756
22127.80000 0.98960 0.99765
22127.90000 0.98349 0.99772
22128.00000 0.98835 0.99778
22128.20000 0.99015 0.99787
22128.20000 0.99396 0.99787
22128.40000 0.99102 0.99789
22128.50000 1.00338 0.99789
22128.60000 0.99345 0.99788
22128.80000 0.98416 0.99783
22128.90000 0.95400 0.99777
22129.00000 0.94494 0.99765
22129.10000 0.93402 0.99741
22129.20000 0.95781 0.99684
22129.40000 0.97676 0.99380
22129.50000 1.00873 0.99157
22129.60000 1.00665 0.98972
22129.70000 1.01429 0.98898
22129.90000 0.99164 0.99146
22130.00000 0.97487 0.99370
22130.10000 0.96618 0.99562
22130.20000 0.96988 0.99681
22130.40000 0.98243 0.99760
22130.50000 0.99613 0.99770
22130.60000 0.98129 0.99778
22130.70000 0.97816 0.99786
22130.80000 0.97479 0.99795
22131.00000 0.96515 0.99817
22131.10000 0.95161 0.99827
22131.20000 0.96855 0.99837
22131.20000 0.97747 0.99837
22131.50000 0.97514 0.99863
22131.60000 0.95797 0.99870
22131.70000 0.97558 0.99876
22131.80000 0.99077 0.99882
22132.00000 0.99365 0.99893
22132.10000 0.98785 0.99898
22132.20000 1.00374 0.99903
22132.20000 0.98824 0.99903
22132.40000 1.00211 0.99912
22132.60000 0.98718 0.99919
22132.70000 0.99630 0.99921
22132.80000 0.97782 0.99924
22132.90000 0.98938 0.99925
22133.10000 0.96778 0.99928
22133.20000 0.97431 0.99930
22133.20000 0.98771 0.99930
22133.40000 0.99110 0.99932
22133.50000 0.99344 0.99933
22133.70000 0.99711 0.99935
22133.80000 0.99591 0.99935
22133.90000 0.98908 0.99936
22134.00000 0.99030 0.99936
22134.20000 0.99495 0.99937
22134.20000 1.00068 0.99937
22134.40000 1.00731 0.99937
22134.50000 1.01173 0.99937
22134.60000 0.99179 0.99937
22134.80000 0.99306 0.99936
22134.90000 1.00418 0.99936
22135.00000 0.99283 0.99935
22135.10000 0.99289 0.99933
22135.20000 0.97622 0.99931
22135.40000 0.99169 0.99899
22135.50000 0.99979 0.99835
22135.60000 0.99588 0.99701
22135.70000 0.98252 0.99485
22135.90000 0.97895 0.99026
22136.00000 0.96328 0.98947
22136.10000 0.96139 0.99019
22136.20000 0.98135 0.99193
22136.40000 0.99012 0.99444
22136.50000 0.98530 0.99412
22136.60000 0.99316 0.99334
22136.70000 0.97510 0.99293
22136.80000 0.98529 0.99337
22137.00000 0.98688 0.99609
22137.10000 1.00245 0.99738
22137.20000 0.99280 0.99815
22137.20000 0.98833 0.99815
22137.50000 0.97236 0.99833
22137.60000 0.96356 0.99813
22137.70000 0.96545 0.99787
22137.80000 0.96264 0.99751
22137.90000 0.96303 0.99696
22138.10000 0.97476 0.99485
22138.20000 0.96564 0.99324
22138.20000 0.97993 0.99324
22138.40000 0.98077 0.99023
22138.50000 0.99297 0.98940
22138.70000 0.98562 0.98900
22138.80000 0.99467 0.98884
22138.90000 0.97958 0.98840
22139.00000 0.99148 0.98774
22139.20000 0.97841 0.98665
22139.20000 0.94921 0.98665
22139.40000 0.93400 0.98658
22139.50000 0.95763 0.98680
22139.60000 0.99259 0.98701
22139.80000 1.01071 0.98699
22139.90000 1.01599 0.98678
22140.00000 1.01399 0.98657
22140.10000 1.01336 0.98652
22140.20000 1.00004 0.98673
22140.40000 0.98298 0.98810
22140.50000 0.97741 0.98912
22140.60000 0.95708 0.99018
22140.70000 0.95794 0.99111
22140.90000 0.96418 0.99194
22141.00000 0.98506 0.99192
22141.10000 0.98417 0.99197
22141.20000 0.98934 0.99237
22141.20000 0.97884 0.99237
22141.50000 0.98889 0.99577
22141.60000 0.98329 0.99689
22141.70000 0.97209 0.99768
22141.80000 0.95405 0.99816
22141.90000 0.97590 0.99845
22142.10000 0.98678 0.99879
22142.20000 1.00154 0.99890
22142.20000 1.00869 0.99890
22142.40000 0.99346 0.99907
22142.50000 0.98839 0.99913
22142.70000 0.97472 0.99924
22142.80000 0.97578 0.99928
22142.90000 0.99249 0.99931
22143.00000 0.99382 0.99934
22143.10000 0.98957 0.99937
22143.20000 0.99242 0.99940
22143.40000 0.98573 0.99944
22143.50000 0.96067 0.99945
22143.60000 0.97824 0.99946
22143.70000 0.95791 0.99948
22143.90000 0.96051 0.99950
22144.00000 0.95820 0.99951
22144.10000 0.97005 0.99952
22144.20000 0.98538 0.99952
22144.20000 0.99350 0.99952
22144.50000 0.97771 0.99955
22144.60000 0.97290 0.99955
22144.70000 0.96526 0.99956
22144.80000 0.97047 0.99956
22144.90000 0.96898 0.99956
22145.10000 0.98228 0.99956
22145.20000 0.97387 0.99956
22145.20000 0.97510 0.99956
22145.40000 0.97723 0.99956
22145.50000 0.98733 0.99956
22145.70000 0.98698 0.99954
22145.80000 0.99688 0.99951
22145.90000 0.98981 0.99941
22146.00000 0.99765 0.99914
22146.10000 1.00613 0.99852
22146.20000 0.99598 0.99745
22146.40000 0.98712 0.99451
22146.50000 0.98535 0.99335
22146.60000 0.95842 0.99262
22146.70000 0.93640 0.99208
22146.80000 0.94778 0.99149
22147.00000 0.97726 0.99059
22147.10000 0.97558 0.99107
22147.20000 0.99917 0.99250
22147.20000 0.99139 0.99250
22147.40000 0.99081 0.99659
22147.60000 0.96633 0.99889
22147.70000 0.95959 0.99922
22147.80000 0.96332 0.99930
22147.90000 0.97379 0.99930
22148.00000 0.98554 0.99927
22148.20000 0.97329 0.99918
22148.20000 0.96706 0.99918
22148.40000 0.96029 0.99906
22148.50000 0.94440 0.99899
22148.60000 0.95679 0.99891
22148.70000 0.96392 0.99883
22148.90000 0.97898 0.99863
22149.00000 0.99097 0.99852
22149.10000 1.00414 0.99840
22149.20000 0.98206 0.99828
22149.20000 0.97815 0.99828
22149.40000 0.99034 0.99806
22149.60000 1.00313 0.99789
22149.70000 0.99547 0.99782
22149.80000 0.98270 0.99777
22149.90000 0.96985 0.99772
22150.00000 0.95944 0.99766
22150.10000 0.96192 0.99759
22150.20000 0.98171 0.99750
22150.40000 0.97091 0.99730
22150.50000 0.98792 0.99718
22150.60000 0.99242 0.99701
22150.70000 0.97112 0.99672
22150.80000 0.97829 0.99620
22151.00000 0.97838 0.99452
22151.10000 1.02079 0.99382
22151.20000 1.04760 0.99362
22151.20000 0.99275 0.99362
22151.40000 0.95621 0.99486
22151.50000 0.96820 0.99587
22151.70000 0.97970 0.99730
22151.80000 0.97937 0.99761
22151.90000 0.97370 0.99778
22152.00000 0.95188 0.99790
22152.10000 0.96383 0.99799
22152.20000 0.98018 0.99809
22152.40000 0.98555 0.99828
22152.50000 0.98696 0.99838
22152.60000 1.00668 0.99848
22152.70000 0.99183 0.99858
22152.80000 0.99611 0.99868
22152.90000 0.97588 0.99877
22153.10000 0.97188 0.99893
22153.20000 0.96519 0.99900
22153.20000 0.96842 0.99900
22153.40000 0.97113 0.99915
22153.50000 0.98361 0.99921
22153.60000 0.98606 0.99928
22153.70000 0.98778 0.99933
22153.90000 0.98218 0.99944
22154.00000 0.98793 0.99948
22154.10000 0.95403 0.99951
22154.20000 0.95474 0.99954
22154.20000 0.96167 0.99954
22154.40000 0.98684 0.99958
22154.50000 0.97242 0.99960
22154.70000 0.96431 0.99963
22154.80000 0.95663 0.99964
22154.90000 0.96285 0.99965
22155.00000 0.92412 0.99966
22155.10000 0.93223 0.99967
22155.20000 0.95159 0.99968
22155.20000 0.97007 0.99968
22155.50000 0.95800 0.99970
22155.60000 0.95162 0.99970
22155.70000 0.93802 0.99970
22155.80000 0.94433 0.99970
22155.90000 0.96968 0.99971
22156.00000 0.97518 0.99971
22156.10000 0.98820 0.99971
22156.20000 0.98925 0.99971
22156.40000 0.99203 0.99970
22156.50000 0.99288 0.99969
22156.60000 0.96040 0.99967
22156.70000 0.98906 0.99961
22156.80000 1.00300 0.99941
22156.90000 1.00778 0.99878
22157.00000 1.00383 0.99729
22157.20000 1.00324 0.99100
22157.20000 0.99846 0.99100
22157.40000 1.00133 0.98557
22157.50000 0.99678 0.98587
22157.60000 1.00087 0.98833
22157.70000 0.98625 0.99194
22157.80000 0.99027 0.99540
22157.90000 0.97586 0.99779
22158.10000 0.95937 0.99950
22158.20000 0.92480 0.99965
22158.20000 0.99860 0.99965
22158.40000 1.01811 0.99973
22158.50000 1.00774 0.99974
22158.60000 0.97075 0.99975
22158.70000 0.95434 0.99976
22158.80000 0.93829 0.99976
22158.90000 0.92321 0.99977
22159.10000 0.91939 0.99977
22159.20000 0.94815 0.99978
22159.20000 0.94373 0.99978
22159.40000 0.95471 0.99978
22159.50000 0.94940 0.99978
22159.60000 0.95892 0.99978
22159.70000 0.95587 0.99978
22159.80000 0.97286 0.99979
22159.90000 0.96233 0.99979
22160.10000 0.95740 0.99979
22160.20000 0.94871 0.99979
22160.20000 0.94906 0.99979
22160.40000 0.95181 0.99979
22160.50000 0.98052 0.99979
22160.60000 0.98562 0.99979
22160.70000 1.00425 0.99979
22160.80000 0.98793 0.99979
22160.90000 0.99494 0.99979
22161.00000 0.98233 0.99979
22161.20000 0.97146 0.99979
22161.20000 0.96129 0.99979
22161.40000 0.96032 0.99980
22161.50000 0.95805 0.99980
22161.60000 0.97162 0.99980
22161.70000 0.97194 0.99980
22161.80000 0.98661 0.99980
22161.90000 0.98657 0.99980
22162.00000 0.99464 0.99980
22162.10000 0.98170 0.99981
22162.20000 0.97140 0.99981
22162.40000 0.97749 0.99981
22162.50000 0.96584 0.99981
22162.60000 0.95934 0.99981
22162.70000 0.95887 0.99981
22162.80000 0.95195 0.99981
22162.90000 0.95839 0.99982
22163.00000 0.94442 0.99982
22163.10000 0.96989 0.99982
22163.20000 0.96696 0.99982
22163.20000 0.97056 0.99982
22163.40000 0.94747 0.99982
22163.50000 0.95380 0.99982
22163.60000 0.96592 0.99982
22163.80000 0.95952 0.99981
22163.90000 0.95580 0.99981
22164.00000 0.96215 0.99981
22164.10000 0.96955 0.99981
22164.20000 0.95875 0.99981
22164.20000 0.95652 0.99981
22164.40000 0.95577 0.99981
22164.50000 0.95997 0.99981
22164.60000 0.96768 0.99981
22164.70000 0.96201 0.99981
22164.80000 0.94480 0.99981
22164.90000 0.94585 0.99981
22165.00000 0.96030 0.99981
22165.10000 0.95258 0.99981
22165.20000 0.96738 0.99981
22165.40000 0.97269 0.99981
22165.50000 0.98311 0.99981
22165.60000 0.97755 0.99982
22165.70000 0.97124 0.99982
22165.80000 0.96103 0.99982
22165.90000 0.96614 0.99982
22166.00000 0.97102 0.99982
22166.10000 0.98335 0.99982
22166.20000 0.97977 0.99982
22166.20000 0.99661 0.99982
22166.40000 0.98956 0.99982
22166.50000 0.97969 0.99982
22166.60000 0.98317 0.99982
22166.70000 0.98784 0.99982
22166.80000 0.98247 0.99982
22166.90000 0.98580 0.99982
22167.00000 0.97639 0.99982
22167.10000 0.98219 0.99982
22167.20000 0.97327 0.99982
22167.40000 0.97725 0.99982
22167.50000 0.96787 0.99982
22167.60000 0.94400 0.99982
22167.70000 0.95228 0.99982
22167.80000 0.97303 0.99982
22167.90000 0.97560 0.99982
22168.00000 0.97421 0.99982
22168.10000 0.98135 0.99982
22168.20000 0.97465 0.99982
22168.20000 0.96836 0.99982
22168.40000 0.95005 0.99982
22168.50000 0.95542 0.99982
22168.60000 0.95482 0.99982
22168.70000 0.95652 0.99982
22168.80000 0.96193 0.99982
22168.90000 0.96728 0.99982
22169.00000 0.97981 0.99982
22169.10000 0.96828 0.99982
22169.20000 0.97290 0.99982
22169.20000 0.97615 0.99982
22169.40000 0.99477 0.99982
22169.50000 0.99121 0.99982
22169.60000 0.99054 0.99982
22169.70000 0.99999 0.99981
22169.80000 0.98816 0.99981
22169.90000 0.98759 0.99981
22170.00000 0.97593 0.99981
22170.10000 0.96888 0.99981
22170.20000 0.96200 0.99981
22170.20000 0.95974 0.99981
22170.50000 0.95628 0.99981
22170.60000 0.96893 0.99981
22170.70000 0.97084 0.99980
22170.80000 0.96336 0.99980
22170.90000 0.96145 0.99980
22171.00000 0.94806 0.99980
22171.10000 0.95547 0.99979
22171.20000 0.97468 0.99979
22171.20000 0.99884 0.99979
22171.40000 0.99497 0.99976
22171.50000 0.99570 0.99973
22171.60000 0.98548 0.99962
22171.70000 0.99562 0.99930
22171.80000 0.99047 0.99850
22171.90000 0.98641 0.99698
22172.00000 0.98063 0.99487
22172.10000 0.96397 0.99276
22172.20000 0.97451 0.99141
22172.20000 0.98530 0.99141
22172.40000 0.97894 0.99260
22172.50000 0.98518 0.99468
22172.60000 0.96991 0.99678
22172.70000 0.96688 0.99833
22172.80000 0.93651 0.99920
22172.90000 0.96991 0.99957
22173.00000 0.96572 0.99969
22173.10000 0.96646 0.99973
22173.20000 0.95133 0.99974
22173.20000 0.96183 0.99974
22173.40000 0.96711 0.99974
22173.50000 0.97073 0.99974
22173.60000 0.96269 0.99974
22173.70000 0.96859 0.99973
22173.80000 0.97480 0.99973
22173.90000 0.97669 0.99972
22174.00000 0.98166 0.99972
22174.10000 0.99884 0.99971
22174.20000 0.99935 0.99970
22174.20000 1.00340 0.99970
22174.40000 1.00629 0.99968
22174.40000 1.00110 0.99968
22174.50000 0.99172 0.99967
22174.60000 1.00268 0.99965
22174.70000 1.00213 0.99964
22174.80000 1.00836 0.99962
22174.90000 0.99518 0.99960
22175.00000 0.99177 0.99958
22175.10000 0.98655 0.99955
22175.20000 0.98933 0.99951
22175.20000 0.98571 0.99951
22175.40000 0.98007 0.99941
22175.50000 0.98427 0.99933
22175.60000 0.97669 0.99922
22175.70000 0.97240 0.99905
22175.80000 0.97350 0.99884
22175.90000 0.97016 0.99859
22176.00000 0.96964 0.99832
22176.10000 0.96035 0.99804
22176.20000 0.95812 0.99772
22176.20000 0.96993 0.99772
22176.40000 0.98350 0.99662
22176.50000 0.97245 0.99572
22176.60000 0.98122 0.99470
22176.70000 0.96988 0.99377
22176.80000 0.98379 0.99315
22176.90000 0.99697 0.99286
22177.00000 1.00213 0.99270
22177.10000 0.99406 0.99235
22177.20000 1.00404 0.99161
22177.20000 0.99303 0.99161
22177.40000 0.99520 0.98966
22177.40000 0.96814 0.98966
22177.50000 0.95966 0.98921
22177.60000 0.94673 0.98929
22177.70000 0.94411 0.98962
22177.80000 0.94681 0.98982
22177.90000 0.95001 0.98966
22178.00000 0.93994 0.98928
22178.10000 0.93445 0.98897
22178.20000 0.93378 0.98895
22178.20000 0.95186 0.98895
22178.40000 0.96011 0.98963
22178.50000 0.97323 0.98982
22178.60000 0.96084 0.98966
22178.70000 0.96614 0.98932
22178.80000 0.97647 0.98921
22178.90000 0.99111 0.98961
22179.00000 1.00535 0.99050
22179.10000 0.99695 0.99153
22179.20000 0.95847 0.99230
22179.20000 0.93916 0.99230
22179.20000 0.93686 0.99230
22179.40000 0.93884 0.99284
22179.50000 0.94675 0.99311
22179.60000 0.96559 0.99370
22179.70000 0.97437 0.99461
22179.80000 0.97459 0.99563
22179.90000 0.95788 0.99654
22180.00000 0.96609 0.99722
22180.10000 0.96548 0.99768
22180.20000 0.96592 0.99801
22180.20000 0.97899 0.99801
22180.40000 1.00475 0.99858
22180.50000 1.02431 0.99883
22220.40000 0.96039 0.99598
22220.50000 0.96965 0.99743
22220.60000 0.99074 0.99857
22220.70000 0.99463 0.99924
22220.80000 0.98139 0.99955
22220.90000 0.98029 0.99966
22221.00000 0.97083 0.99969
22221.10000 0.96398 0.99971
22221.30000 0.96887 0.99972
22221.40000 0.93146 0.99972
22221.50000 0.94106 0.99972
22221.60000 0.95988 0.99972
22221.70000 0.98243 0.99972
22221.80000 0.99121 0.99972
22221.90000 0.98533 0.99972
22222.10000 0.99145 0.99972
22222.20000 0.98415 0.99972
22222.30000 0.98618 0.99972
22222.40000 0.98575 0.99972
22222.50000 0.97928 0.99971
22222.60000 0.97165 0.99971
22222.70000 0.97855 0.99971
22222.80000 0.97331 0.99971
22223.00000 0.97424 0.99971
22223.10000 0.98405 0.99971
22223.20000 0.99024 0.99971
22223.30000 1.00621 0.99971
22223.40000 1.00919 0.99971
22223.50000 1.00370 0.99970
22223.60000 1.00743 0.99970
22223.80000 1.00115 0.99970
22223.90000 0.98815 0.99969
22224.00000 0.98115 0.99969
22224.10000 0.96615 0.99969
22224.20000 0.94624 0.99968
22224.30000 0.95275 0.99968
22224.40000 0.96679 0.99968
22224.50000 0.96794 0.99967
22224.70000 0.98445 0.99966
22224.80000 0.99156 0.99966
22224.90000 0.98537 0.99966
22225.00000 0.98909 0.99965
22225.10000 0.97945 0.99965
22225.20000 0.96813 0.99964
22225.30000 0.96464 0.99964
22225.50000 0.94925 0.99963
22225.60000 0.96093 0.99962
22225.70000 0.96586 0.99961
22225.80000 0.96087 0.99961
22225.90000 0.95002 0.99960
22226.00000 0.93668 0.99959
22226.10000 0.93508 0.99958
22226.20000 0.95295 0.99957
22226.40000 0.96506 0.99955
22226.50000 0.96227 0.99954
22226.60000 0.95985 0.99952
22226.70000 0.97322 0.99950
22226.80000 0.98485 0.99948
22226.90000 0.99575 0.99946
22227.00000 0.99651 0.99945
22227.20000 0.99250 0.99943
22227.30000 0.98606 0.99942
22227.40000 0.98715 0.99940
22227.50000 0.98660 0.99936
22227.60000 0.99542 0.99932
22227.70000 0.99893 0.99928
22227.80000 1.00178 0.99924
22227.90000 0.99440 0.99921
22228.10000 0.97660 0.99915
22228.20000 0.96732 0.99908
22228.30000 0.94736 0.99891
22228.40000 0.95163 0.99845
22228.50000 0.96621 0.99734
22228.60000 0.96675 0.99526
22228.70000 0.96344 0.99226
22228.90000 0.97609 0.98678
22229.00000 0.98646 0.98628
22229.10000 0.98263 0.98772
22229.20000 0.98473 0.99045
22229.30000 0.98279 0.99334
22229.40000 0.98856 0.99533
22229.50000 0.98349 0.99602
22229.60000 0.96996 0.99562
22229.80000 0.97167 0.99358
22229.90000 0.95960 0.99263
22230.00000 0.95159 0.99182
22230.10000 0.95779 0.99106
22230.20000 0.95092 0.99015
22230.30000 0.93373 0.98871
22230.40000 0.93196 0.98607
22230.60000 0.91988 0.97510
22230.70000 0.92802 0.96735
22230.80000 0.92605 0.95942
22230.90000 0.92669 0.95238
22231.00000 0.92671 0.94706
22231.10000 0.91546 0.94347
22231.20000 0.90634 0.94086
22231.30000 0.89414 0.93811
22231.50000 0.88626 0.92658
22231.60000 0.87494 0.91590
22231.70000 0.86108 0.90305
22231.80000 0.85018 0.89007
22231.90000 0.84977 0.87882
22232.00000 0.84386 0.87043
22232.10000 0.83533 0.86502
22232.30000 0.84161 0.86387
22232.40000 0.83754 0.87002
22232.50000 0.83998 0.88067
22232.60000 0.84134 0.89351
22232.70000 0.83314 0.90502
22232.80000 0.83460 0.91192
22232.90000 0.87148 0.91245
22233.10000 0.87878 0.89554
22233.20000 0.86988 0.88266
22233.30000 0.86436 0.87146
22233.40000 0.84368 0.86452
22233.50000 0.83850 0.86248
22233.60000 0.84352 0.86442
22233.70000 0.84861 0.86938
22233.80000 0.85077 0.87728
22234.00000 0.86683 0.90092
22234.10000 0.86912 0.91393
22234.20000 0.88464 0.92507
22234.30000 0.89912 0.93288
22234.40000 0.90617 0.93754
22234.50000 0.91704 0.94045
22234.60000 0.91266 0.94301
22234.80000 0.91466 0.95141
22234.90000 0.91404 0.95821
22235.00000 0.93230 0.96606
22235.10000 0.95101 0.97390
22235.20000 0.96058 0.98062
22235.30000 0.96349 0.98545
22235.40000 0.96906 0.98833
22235.50000 0.96463 0.98985
22235.70000 0.95952 0.99056
22235.80000 0.96665 0.98954
22235.90000 0.95153 0.98725
22236.00000 0.95636 0.98412
22236.10000 0.96394 0.98122
22236.20000 0.96550 0.97974
22236.30000 0.96693 0.98037
22236.50000 0.97397 0.98741
22236.60000 0.97022 0.99187
22236.70000 0.97152 0.99535
22236.80000 0.97987 0.99740
22236.90000 0.97827 0.99833
22237.00000 0.97826 0.99869
22237.10000 0.98437 0.99885
22237.20000 0.99145 0.99895
22237.40000 0.99327 0.99910
22237.50000 0.98959 0.99914
22237.60000 0.98449 0.99916
22237.70000 0.98490 0.99918
22237.80000 0.99142 0.99920
22237.90000 0.99142 0.99923
22238.00000 0.99745 0.99926
22238.20000 0.99297 0.99934
22238.30000 0.99585 0.99937
22238.40000 0.98872 0.99939
22238.50000 0.98764 0.99941
22238.60000 0.99140 0.99942
22238.70000 0.99462 0.99942
22238.80000 0.98983 0.99943
22238.90000 0.99418 0.99945
22239.10000 0.98298 0.99949
22239.20000 0.97196 0.99951
22239.30000 0.96195 0.99952
22239.40000 0.96385 0.99953
22239.50000 0.96920 0.99954
22239.60000 0.97993 0.99954
22239.70000 0.98653 0.99955
22239.90000 0.99733 0.99955
22240.00000 0.99498 0.99955
22240.10000 1.00195 0.99955
22240.20000 0.99777 0.99952
22240.30000 0.97675 0.99943
22240.40000 0.97052 0.99910
22240.50000 0.95943 0.99813
22240.60000 0.96251 0.99597
22240.80000 0.98340 0.98779
22240.90000 0.99551 0.98366
22241.00000 0.99807 0.98130
22241.10000 0.98625 0.98140
22241.20000 0.98821 0.98378
22241.30000 1.00307 0.98742
22241.40000 1.00824 0.99090
22241.60000 1.00811 0.99413
22241.70000 1.00204 0.99439
22241.80000 1.00153 0.99470
22241.90000 0.99650 0.99537
22242.00000 1.00010 0.99633
22242.10000 0.98956 0.99738
22242.20000 0.99427 0.99830
22242.30000 0.99026 0.99896
22242.50000 0.99091 0.99952
22242.60000 0.98451 0.99958
22242.70000 0.97786 0.99958
22242.80000 0.98163 0.99954
22242.90000 0.98631 0.99938
22243.00000 0.99625 0.99892
22243.10000 1.00577 0.99790
22243.30000 1.00252 0.99406
22243.40000 0.99871 0.99222
22243.50000 0.99415 0.99138
22243.60000 0.97529 0.99188
22243.70000 0.97654 0.99352
22243.80000 0.97101 0.99565
22243.90000 0.98910 0.99752
22244.00000 0.99063 0.99873
22244.20000 0.98838 0.99953
22244.30000 0.98154 0.99959
22244.40000 0.99014 0.99961
22244.50000 0.99539 0.99962
22244.60000 0.79917 0.99961
22244.70000 0.97565 0.99961
22244.80000 0.99391 0.99958
22245.00000 1.00171 0.99919
22245.10000 1.00200 0.99857
22245.20000 1.00014 0.99753
22245.30000 0.99770 0.99622
22245.40000 0.98856 0.99503
22245.50000 0.97933 0.99445
22245.60000 0.97039 0.99468
22245.70000 0.95882 0.99565
22245.90000 0.95709 0.99816
22246.00000 0.96637 0.99897
22246.10000 0.95790 0.99936
22246.20000 0.93283 0.99952
22246.30000 0.93074 0.99957
22246.40000 0.97645 0.99958
22246.50000 0.98830 0.99958
22246.70000 0.99556 0.99958
22246.80000 0.98694 0.99958
22246.90000 0.98700 0.99958
22247.00000 0.98949 0.99957
22247.10000 0.99235 0.99957
22247.20000 0.99504 0.99956
22247.30000 0.99325 0.99956
22247.40000 0.98399 0.99955
22247.60000 0.97250 0.99954
22247.70000 0.95689 0.99953
22247.80000 0.94662 0.99953
22247.90000 0.95395 0.99952
22248.00000 0.96925 0.99951
22248.10000 0.98090 0.99950
22248.20000 0.98916 0.99950
22248.40000 0.98774 0.99948
22248.50000 0.98296 0.99947
22248.60000 0.99586 0.99946
22248.70000 1.00026 0.99945
22248.80000 1.00181 0.99944
22248.90000 0.99709 0.99943
22249.00000 0.98602 0.99942
22249.10000 0.98125 0.99941
22249.30000 0.98136 0.99939
22249.40000 0.98444 0.99938
22249.50000 1.00956 0.99936
22249.60000 1.01941 0.99935
22249.70000 1.02964 0.99933
22249.80000 1.01437 0.99932
22249.90000 1.01710 0.99930
22250.10000 1.01365 0.99927
22250.20000 1.00039 0.99925
22250.30000 1.00053 0.99922
22250.40000 0.99396 0.99920
22250.50000 0.98454 0.99917
22250.60000 0.99454 0.99913
22250.70000 0.91246 0.99906
22250.80000 0.99114 0.99887
22251.00000 1.00424 0.99692
22251.10000 1.00177 0.99421
22251.20000 0.99425 0.99024
22251.30000 0.99692 0.98591
22251.40000 0.97812 0.98262
22251.50000 0.97448 0.98148
22251.60000 0.96905 0.98285
22251.80000 0.96787 0.99055
22251.90000 0.96664 0.99434
22252.00000 0.97057 0.99681
22252.10000 0.98056 0.99800
22252.20000 1.00463 0.99841
22252.30000 0.99749 0.99850
22252.40000 0.99890 0.99849
22252.50000 1.00272 0.99844
22252.70000 0.99056 0.99832
22252.80000 0.99028 0.99824
22252.90000 0.97653 0.99816
22253.00000 0.97469 0.99808
22253.10000 0.97488 0.99798
22253.20000 0.98293 0.99788
22253.30000 0.99177 0.99776
22253.50000 0.99730 0.99749
22253.60000 0.99832 0.99734
22253.70000 0.99540 0.99717
22253.80000 0.99965 0.99699
22253.90000 0.99379 0.99678
22254.00000 0.98959 0.99654
22254.10000 0.98326 0.99626
22254.20000 0.97481 0.99592
22254.40000 0.99018 0.99506
22254.50000 0.99533 0.99450
22254.60000 0.99567 0.99385
22254.70000 0.99998 0.99307
22254.80000 0.99739 0.99215
22254.90000 1.00044 0.99106
22255.00000 0.99836 0.98971
22255.20000 0.98516 0.98586
22255.30000 0.97722 0.98318
22255.40000 0.96535 0.97997
22255.50000 0.95213 0.97624
22255.60000 0.94136 0.97205
22255.70000 0.93324 0.96739
22255.80000 0.92181 0.96216
22255.90000 0.90966 0.95617
22256.10000 0.89552 0.94127
22256.20000 0.89146 0.93251
22256.30000 0.89794 0.92350
22256.40000 0.89217 0.91499
22256.50000 0.89136 0.90774
22256.60000 0.90863 0.90235
22256.70000 0.89839 0.89913
22256.90000 0.89736 0.89791
22257.00000 0.90318 0.89839
22257.10000 0.90691 0.89864
22257.20000 0.90233 0.89834
22257.30000 0.90399 0.89771
22257.40000 0.89879 0.89741
22257.50000 0.92196 0.89826
22257.60000 0.92433 0.90095
22257.80000 0.92571 0.91240
22257.90000 0.91934 0.92033
22258.00000 0.92544 0.92881
22258.10000 0.92831 0.93707
22258.20000 0.93206 0.94446
22258.30000 0.93671 0.95058
22258.40000 0.92409 0.95533
22258.60000 0.90003 0.96141
22258.70000 0.89329 0.96330
22258.80000 0.90650 0.96451
22258.90000 0.91424 0.96477
22259.00000 0.91665 0.96368
22259.10000 0.90804 0.96083
22259.20000 0.90467 0.95583
22259.30000 0.91474 0.94838
22259.50000 0.92559 0.92750
22259.60000 0.92395 0.91665
22259.70000 0.91616 0.90787
22259.80000 0.91413 0.90250
22259.90000 0.90480 0.90086
22260.00000 0.90537 0.90208
22260.10000 0.89736 0.90444
22260.30000 0.90853 0.90795
22260.40000 0.92770 0.90954
22260.50000 0.92928 0.91244
22260.60000 0.93245 0.91743
22260.70000 0.93196 0.92455
22260.80000 0.92199 0.93319
22260.90000 0.92617 0.94246
22261.00000 0.93496 0.95150
22261.20000 0.95350 0.96639
22261.30000 0.96014 0.97159
22261.40000 0.97469 0.97490
22261.50000 0.98695 0.97592
22261.60000 0.98062 0.97462
22261.70000 0.98090 0.97183
22261.80000 0.98279 0.96904
22262.00000 0.99281 0.96803
22262.10000 0.98452 0.97036
22262.20000 0.98299 0.97419
22262.30000 0.98568 0.97873
22262.40000 0.97689 0.98319
22262.50000 0.96553 0.98714
22262.60000 0.95716 0.99049
22262.70000 0.96178 0.99298
22262.90000 0.97142 0.99377
22263.00000 0.98873 0.99194
22263.10000 0.98170 0.98941
22263.20000 0.97216 0.98721
22263.30000 0.95301 0.98620
22263.40000 0.96145 0.98679
22263.50000 0.96852 0.98882
22263.60000 0.97216 0.99166
22263.80000 0.97203 0.99638
22263.90000 0.97751 0.99747
22264.00000 0.96905 0.99794
22264.10000 0.96098 0.99813
22264.20000 0.97410 0.99822
22264.30000 0.98031 0.99827
22264.40000 0.99797 0.99831
22264.60000 1.00187 0.99836
22264.70000 0.99659 0.99836
22264.80000 0.98213 0.99836
22264.90000 0.97076 0.99833
22265.00000 0.97771 0.99829
22265.10000 0.99125 0.99823
22265.20000 1.00652 0.99814
22265.30000 1.00288 0.99797
22265.50000 1.00195 0.99701
22265.60000 1.00147 0.99581
22265.70000 1.01686 0.99368
22265.80000 1.00681 0.99014
22265.90000 0.97975 0.98476
22266.00000 0.96128 0.97714
22266.10000 0.95772 0.96683
22266.30000 0.96218 0.94019
22266.40000 0.94703 0.92768
22266.50000 0.93676 0.91817
22266.60000 0.91854 0.91238
22266.70000 0.91332 0.91083
22266.80000 0.91580 0.91360
22266.90000 0.91923 0.91976
22267.00000 0.92000 0.92813
22267.20000 0.92595 0.94993
22267.30000 0.93004 0.96191
22267.40000 0.95116 0.97260
22267.50000 0.97259 0.98114
22267.60000 0.98749 0.98754
22267.70000 0.98317 0.99203
22267.80000 0.97370 0.99492
22268.00000 0.97254 0.99757
22268.10000 0.97497 0.99807
22268.20000 0.97106 0.99833
22268.30000 0.94190 0.99849
22268.40000 0.94600 0.99859
22268.50000 0.93888 0.99866
22268.60000 0.96297 0.99871
22268.70000 0.97075 0.99875
22268.90000 0.95366 0.99879
22269.00000 0.93363 0.99880
22269.10000 0.92492 0.99881
22269.20000 0.92957 0.99880
22269.30000 0.93149 0.99880
22269.40000 0.94958 0.99878
22269.50000 0.97049 0.99876
22269.60000 0.99118 0.99874
22269.80000 0.98899 0.99869
22269.90000 0.97813 0.99865
22270.00000 0.96228 0.99860
22270.10000 0.93954 0.99854
22270.20000 0.91684 0.99848
22270.30000 0.92998 0.99840
22270.40000 0.95732 0.99831
22270.60000 0.97174 0.99807
22270.70000 1.00001 0.99785
22270.80000 0.98704 0.99749
22270.90000 0.99277 0.99690
22271.00000 0.98285 0.99606
22271.10000 0.99428 0.99502
22271.20000 0.98600 0.99386
22271.30000 0.95998 0.99271
22271.50000 0.98415 0.99060
22271.60000 0.98183 0.98933
22271.70000 0.97819 0.98732
22271.80000 0.97205 0.98394
22271.90000 0.96445 0.97875
22272.00000 0.94831 0.97194
22272.10000 0.94709 0.96425
22272.30000 0.93693 0.95057
22272.40000 0.92100 0.94617
22272.50000 0.90584 0.94314
22272.60000 0.90354 0.94025
22272.70000 0.89326 0.93594
22272.80000 0.89425 0.92918
22272.90000 0.89822 0.92009
22273.00000 0.88856 0.90968
22273.20000 0.87689 0.89030
22273.30000 0.85792 0.88390
22273.40000 0.85698 0.88068
22273.50000 0.85342 0.88090
22273.60000 0.86649 0.88458
22273.70000 0.88248 0.89100
22273.80000 0.89144 0.89807
22273.90000 0.88901 0.90347
22274.10000 0.87815 0.90529
22274.20000 0.86185 0.90131
22274.30000 0.85805 0.89474
22274.40000 0.86794 0.88761
22274.50000 0.87988 0.88245
22274.60000 0.88877 0.88062
22274.70000 0.89928 0.88235
22274.90000 0.90606 0.89518
22275.00000 0.90100 0.90474
22275.10000 0.90149 0.91480
22275.20000 0.90489 0.92412
22275.30000 0.91531 0.93167
22275.40000 0.93443 0.93690
22275.50000 0.93529 0.94021
22275.60000 0.94347 0.94278
22275.80000 0.94113 0.94976
22275.90000 0.93851 0.95469
22276.00000 0.92344 0.96021
22276.10000 0.92562 0.96598
22276.20000 0.93775 0.97159
22276.30000 0.94430 0.97664
22276.40000 0.94530 0.98081
22276.50000 0.95256 0.98386
22276.70000 0.96044 0.98626
22276.80000 0.96451 0.98622
22276.90000 0.98500 0.98609
22277.00000 0.98539 0.98627
22277.10000 0.99014 0.98690
22277.20000 1.00098 0.98786
22277.30000 0.99365 0.98889
22277.50000 0.99994 0.99031
22277.60000 0.99098 0.99067
22277.70000 0.98881 0.99092
22277.80000 0.97510 0.99114
22277.90000 0.96452 0.99130
22278.00000 0.95900 0.99139
22278.10000 0.96451 0.99140
22278.20000 0.95334 0.99137
22278.40000 0.95730 0.99142
22278.50000 0.95899 0.99159
22278.60000 0.97186 0.99189
22278.70000 0.98485 0.99233
22278.80000 0.98565 0.99289
22278.90000 0.99349 0.99351
22279.00000 1.00055 0.99414
22279.10000 1.00273 0.99476
22279.30000 1.03134 0.99582
22279.40000 0.99570 0.99627
22279.50000 1.00076 0.99664
22279.60000 0.99723 0.99692
22279.70000 0.98751 0.99700
22279.80000 0.96312 0.99670
22279.90000 0.94848 0.99590
22280.10000 0.94934 0.99350
22280.20000 0.95559 0.99282
22280.30000 0.96791 0.99299
22280.40000 0.98587 0.99395
22280.50000 0.99136 0.99521
22280.60000 0.99184 0.99600
22280.70000 0.98316 0.99560
22280.80000 0.97066 0.99382
22281.00000 0.96062 0.98900
22281.10000 0.95299 0.98793
22281.20000 0.95261 0.98845
22281.30000 0.97289 0.99043
22281.40000 0.97477 0.99322
22281.50000 0.95467 0.99590
22281.60000 0.92917 0.99781
22281.70000 0.91371 0.99884
22281.90000 0.93505 0.99941
22282.00000 0.95939 0.99946
22282.10000 0.96811 0.99949
22282.20000 0.96312 0.99951
22282.30000 0.96225 0.99952
22282.40000 0.98799 0.99954
22282.50000 0.98756 0.99955
22282.70000 0.99765 0.99957
22282.80000 0.99103 0.99958
22282.90000 0.98312 0.99959
22283.00000 0.97470 0.99960
22283.10000 0.97690 0.99961
22283.20000 0.98147 0.99962
22283.30000 0.97829 0.99962
22283.40000 0.94988 0.99963
22283.60000 0.92218 0.99964
22283.70000 0.89607 0.99964
22283.80000 0.91034 0.99964
22283.90000 0.94165 0.99965
22284.00000 0.96200 0.99965
22284.10000 0.96736 0.99965
22284.20000 0.97577 0.99965
22284.30000 0.95965 0.99965
22284.50000 0.93988 0.99964
22284.60000 0.94211 0.99963
22284.70000 0.94075 0.99961
22284.80000 0.95497 0.99958
22284.90000 0.95246 0.99953
22285.00000 0.93782 0.99941
22285.10000 0.96259 0.99900
22285.20000 0.97195 0.99786
22285.40000 0.97912 0.99083
22285.50000 0.98250 0.98511
22285.60000 0.98382 0.97969
22285.70000 0.98952 0.97638
22285.80000 0.97842 0.97629
22285.90000 0.97159 0.97943
22286.00000 0.97226 0.98470
22286.20000 0.98961 0.99468
22286.30000 0.99440 0.99719
22286.40000 0.98366 0.99826
22286.50000 0.97300 0.99855
22286.60000 0.97622 0.99855
22286.70000 0.97823 0.99847
22286.80000 0.98040 0.99841
22286.90000 0.98019 0.99839
22287.10000 0.97457 0.99842
22287.20000 0.98507 0.99842
22287.30000 0.99606 0.99840
22287.40000 1.00347 0.99837
22287.50000 1.00383 0.99835
22287.60000 1.00203 0.99834
22287.70000 0.99820 0.99829
22287.80000 0.99113 0.99804
22288.00000 0.99274 0.99572
22288.10000 0.99178 0.99322
22288.20000 0.97868 0.99032
22288.30000 0.96913 0.98795
22288.40000 0.96329 0.98692
22288.50000 0.98081 0.98758
22288.60000 0.99967 0.98973
22288.70000 1.00925 0.99265
22288.90000 1.00630 0.99740
22289.00000 1.05828 0.99847
22289.10000 1.00041 0.99896
22289.20000 0.99601 0.99919
22289.30000 0.98123 0.99932
22289.40000 0.98311 0.99942
22289.50000 0.97706 0.99950
22289.60000 0.99445 0.99955
22289.80000 0.98591 0.99962
22289.90000 0.99705 0.99965
22290.00000 0.97167 0.99968
22290.10000 0.95811 0.99970
22290.20000 0.93989 0.99972
22290.30000 0.93416 0.99974
22290.40000 0.95273 0.99975
22290.60000 0.97804 0.99977
22290.70000 0.99285 0.99977
22290.80000 0.99549 0.99978
22290.90000 0.98714 0.99978
22291.00000 0.98544 0.99978
22291.10000 0.98069 0.99979
22291.20000 0.97940 0.99979
22291.30000 0.98178 0.99979
22291.50000 0.99318 0.99979
22291.60000 0.98795 0.99979
22291.70000 0.96601 0.99979
22291.80000 0.96336 0.99980
22291.90000 0.96373 0.99980
22292.00000 0.96939 0.99980
22292.10000 0.96884 0.99980
22292.20000 0.96030 0.99980
22292.40000 0.94389 0.99979
22292.50000 0.95602 0.99979
22292.60000 0.97185 0.99979
22292.70000 0.99153 0.99979
22292.80000 0.99046 0.99979
22292.90000 0.98039 0.99978
22293.00000 0.99425 0.99978
22293.10000 0.99836 0.99977
22293.30000 1.00026 0.99975
22293.40000 0.97630 0.99971
22293.50000 0.97147 0.99959
22293.60000 0.97252 0.99928
22293.70000 0.97913 0.99852
22293.80000 0.98559 0.99712
22293.90000 0.98790 0.99516
22294.00000 0.99692 0.99316
22294.20000 0.99692 0.99174
22294.30000 0.98900 0.99289
22294.40000 0.98062 0.99482
22294.50000 0.96962 0.99682
22294.60000 0.95595 0.99830
22294.70000 0.94753 0.99912
22294.80000 0.95550 0.99945
22294.90000 0.96978 0.99954
22295.10000 0.98230 0.99935
22295.20000 0.98038 0.99894
22295.30000 0.99227 0.99811
22295.40000 0.97018 0.99681
22295.50000 0.96627 0.99533
22295.60000 0.95930 0.99414
22295.70000 0.95635 0.99367
22295.90000 0.94462 0.99517
22296.00000 0.93855 0.99647
22296.10000 0.94046 0.99750
22296.20000 0.94168 0.99804
22296.30000 0.95225 0.99811
22296.40000 0.96550 0.99780
22296.50000 0.97876 0.99713
22296.60000 0.98572 0.99608
22296.80000 0.96893 0.99358
22296.90000 0.96370 0.99288
22297.00000 0.96126 0.99287
22297.10000 0.97455 0.99349
22297.20000 0.98556 0.99442
22297.30000 0.98864 0.99524
22297.40000 0.98528 0.99574
22297.50000 0.98846 0.99594
22297.70000 0.98550 0.99605
22297.80000 0.97698 0.99615
22297.90000 0.98120 0.99630
22298.00000 0.96665 0.99645
22298.10000 0.97455 0.99658
22298.20000 0.98805 0.99666
22298.30000 0.98469 0.99670
22298.40000 0.99657 0.99670
22298.60000 1.00512 0.99657
22298.70000 0.99966 0.99645
22298.80000 0.99846 0.99630
22298.90000 0.98602 0.99616
22299.00000 0.97387 0.99607
22299.10000 0.97782 0.99607
22299.20000 0.97507 0.99619
22299.30000 0.96922 0.99640
22299.50000 0.95024 0.99694
22299.60000 0.93160 0.99719
22299.70000 0.94181 0.99738
22299.80000 0.96450 0.99749
22299.90000 0.99504 0.99743
22300.00000 0.99575 0.99711
22300.10000 0.98812 0.99650
22300.20000 0.98568 0.99570
22300.40000 0.99279 0.99473
22300.50000 1.00803 0.99505
22300.60000 1.00049 0.99588
22300.70000 0.99682 0.99697
22300.80000 0.99497 0.99798
22300.90000 0.99133 0.99868
22301.00000 0.99467 0.99907
22301.10000 0.99510 0.99925
22301.30000 1.00265 0.99940
22301.40000 1.00142 0.99945
22301.50000 1.00306 0.99949
22301.60000 1.00373 0.99951
22301.70000 0.97670 0.99948
22301.80000 1.00970 0.99933
22301.90000 1.00900 0.99886
22302.00000 1.01128 0.99779
22302.20000 1.00483 0.99383
22302.30000 1.00212 0.99198
22302.40000 0.99714 0.99117
22302.50000 0.98903 0.99173
22302.60000 0.98173 0.99344
22302.70000 0.98123 0.99563
22302.80000 0.98994 0.99754
22302.90000 0.98888 0.99876
22303.10000 0.98587 0.99957
22303.20000 0.99304 0.99964
22303.30000 0.98961 0.99966
22303.40000 0.99064 0.99965
22303.50000 0.98841 0.99964
22303.60000 0.99009 0.99964
22303.70000 0.97673 0.99964
22303.80000 0.98033 0.99964
22304.00000 0.97833 0.99966
22304.10000 0.96935 0.99966
22304.20000 0.95406 0.99966
22304.30000 0.96654 0.99965
22304.40000 0.98177 0.99963
22304.50000 0.99000 0.99961
22304.60000 0.99845 0.99958
22304.70000 0.99645 0.99956
22304.90000 0.99599 0.99950
22305.00000 0.99972 0.99945
22305.10000 0.99097 0.99933
22305.20000 0.98346 0.99906
22305.30000 0.96722 0.99853
22305.40000 0.96461 0.99775
22305.50000 0.95856 0.99689
22305.60000 0.94705 0.99619
22305.80000 0.96236 0.99599
22305.90000 0.97966 0.99650
22306.00000 0.99675 0.99717
22306.10000 1.00070 0.99771
22306.20000 0.99509 0.99782
22306.30000 1.00524 0.99719
22306.40000 0.98865 0.99556
22306.50000 0.97132 0.99292
22306.70000 0.96264 0.98665
22306.80000 0.96674 0.98446
22306.90000 0.97085 0.98357
22307.00000 0.96907 0.98408
22307.10000 0.97945 0.98562
22307.20000 0.98721 0.98753
22307.30000 0.99663 0.98923
22307.40000 0.98216 0.99050
22307.60000 0.95959 0.99173
22307.70000 0.94744 0.99114
22307.80000 0.95341 0.98867
22307.90000 0.96397 0.98352
22308.00000 0.96774 0.97588
22308.10000 0.96496 0.96732
22308.20000 0.96144 0.96051
22308.30000 0.95826 0.95808
22308.50000 0.95375 0.96821
22308.60000 0.95321 0.97673
22308.70000 0.94310 0.98392
22308.80000 0.94806 0.98783
22308.90000 0.95133 0.98725
22309.00000 0.94194 0.98155
22309.10000 0.94361 0.97097
22309.20000 0.95114 0.95730
22309.40000 0.95442 0.93534
22309.50000 0.95393 0.93442
22309.60000 0.94746 0.94104
22309.70000 0.94734 0.95195
22309.80000 0.94327 0.96312
22309.90000 0.95396 0.97145
22310.00000 0.95210 0.97509
22310.10000 0.95829 0.97315
22310.20000 0.98410 0.96561
22310.40000 0.98591 0.93894
22310.50000 0.96433 0.92561
22310.60000 0.92474 0.91789
22310.70000 0.90900 0.91884
22310.80000 0.91236 0.92800
22310.90000 0.92612 0.94206
22311.00000 0.94436 0.95710
22311.10000 0.94582 0.96963
22311.30000 0.95372 0.97742
22311.40000 0.95266 0.97108
22311.50000 0.94617 0.95970
22311.60000 0.93902 0.94682
22311.70000 0.94627 0.93714
22311.80000 0.94564 0.93481
22311.90000 0.95326 0.94103
22312.00000 0.95611 0.95327
22312.20000 0.94973 0.97877
22312.30000 0.93888 0.98592
22312.40000 0.92783 0.98798
22312.50000 0.92802 0.98534
22312.60000 0.93101 0.97902
22312.70000 0.94244 0.97073
22312.80000 1.16254 0.96301
22312.90000 0.95796 0.95869
22313.10000 0.96315 0.96568
22313.20000 0.97061 0.97446
22313.30000 0.98092 0.98324
22313.40000 0.97953 0.99003
22313.50000 0.98614 0.99401
22313.60000 0.98178 0.99555
22313.70000 0.98294 0.99546
22313.80000 0.97424 0.99453
22314.00000 0.96055 0.99246
22314.10000 0.95788 0.99228
22314.20000 0.95307 0.99299
22314.30000 0.95357 0.99436
22314.40000 0.95860 0.99593
22314.50000 0.96331 0.99731
22314.60000 0.96426 0.99829
22314.70000 0.97798 0.99884
22314.90000 0.98372 0.99919
22315.00000 0.98290 0.99923
22315.10000 0.98136 0.99926
22315.20000 0.98066 0.99931
22315.30000 0.98064 0.99937
22315.40000 0.97277 0.99944
22315.50000 0.98138 0.99951
22315.60000 0.97966 0.99956
22315.70000 0.98840 0.99961
22315.90000 0.97937 0.99965
22316.00000 0.97791 0.99966
22316.10000 0.97565 0.99967
22316.20000 0.97852 0.99967
22316.30000 0.97825 0.99967
22316.40000 0.97414 0.99967
22316.50000 0.96709 0.99968
22316.60000 0.95222 0.99970
22316.80000 0.96906 0.99974
22316.90000 0.96684 0.99975
22317.00000 0.97289 0.99976
22317.10000 0.97760 0.99977
22317.20000 0.99015 0.99977
22317.30000 1.02068 0.99976
22317.40000 0.99855 0.99975
22317.50000 0.97508 0.99975
22317.70000 1.02279 0.99976
22317.80000 1.04867 0.99977
22317.90000 1.04294 0.99979
22318.00000 1.01254 0.99980
22318.10000 1.01617 0.99981
22318.20000 1.00636 0.99982
22318.30000 0.98361 0.99982
22318.40000 0.98256 0.99983
22318.60000 0.99991 0.99983
22318.70000 0.98861 0.99983
22318.80000 0.99693 0.99983
22318.90000 0.99027 0.99983
22319.00000 0.98752 0.99982
22319.10000 0.96174 0.99981
22319.20000 0.94596 0.99978
22319.30000 0.98229 0.99968
22319.40000 0.99307 0.99938
22319.60000 0.98239 0.99648
22319.70000 0.98248 0.99302
22319.80000 0.98527 0.98855
22319.90000 0.99822 0.98432
22320.00000 0.99545 0.98177
22320.10000 0.98410 0.98174
22320.20000 0.98376 0.98425
22320.30000 0.97796 0.98845
22320.50000 0.98136 0.99644
22320.60000 0.98541 0.99848
22320.70000 0.99982 0.99938
22320.80000 0.99605 0.99967
22320.90000 0.98101 0.99967
22321.00000 0.97328 0.99947
22321.10000 0.97266 0.99902
22321.20000 0.98194 0.99828
22321.40000 0.98141 0.99653
22321.50000 0.99727 0.99612
22321.60000 0.99623 0.99626
22321.70000 0.99684 0.99691
22321.80000 0.99169 0.99783
22321.90000 0.99929 0.99870
22322.00000 0.99210 0.99932
22322.10000 0.99921 0.99966
22322.20000 0.99491 0.99981
22322.40000 0.98490 0.99987
22322.50000 0.97232 0.99988
22322.60000 0.96601 0.99988
22322.70000 0.95811 0.99989
22322.80000 0.94963 0.99989
22322.90000 0.95551 0.99989
22323.00000 0.96541 0.99989
22323.10000 0.96577 0.99989
22323.30000 0.95329 0.99990
22323.40000 0.95142 0.99990
22323.50000 0.95900 0.99990
22323.60000 0.97317 0.99990
22323.70000 0.96046 0.99990
22323.80000 0.94483 0.99990
22323.90000 0.93842 0.99990
22324.00000 0.81309 0.99990
22324.10000 0.93469 0.99990
22324.30000 0.96062 0.99990
22324.40000 0.96317 0.99990
22324.50000 0.97944 0.99990
22324.60000 0.98054 0.99990
22324.70000 0.98053 0.99990
22324.80000 0.97169 0.99990
22324.90000 0.97685 0.99990
22325.00000 0.98116 0.99990
22325.20000 0.97678 0.99990
22325.30000 0.98396 0.99990
22325.40000 0.99407 0.99990
22325.50000 0.99079 0.99990
22325.60000 0.99990 0.99990
22325.70000 0.98932 0.99990
22325.80000 0.96720 0.99990
22325.90000 0.96615 0.99990
22326.00000 0.97996 0.99989
22326.20000 0.98102 0.99988
22326.30000 0.98926 0.99987
22326.40000 0.98271 0.99986
22326.50000 0.98787 0.99980
22326.60000 0.98493 0.99962
22326.70000 0.98814 0.99902
22326.80000 0.98118 0.99751
22326.90000 0.97444 0.99460
22327.10000 0.96969 0.98592
22327.20000 0.96786 0.98259
22327.30000 0.97211 0.98156
22327.40000 0.95932 0.98315
22327.50000 0.97483 0.98684
22327.60000 0.96001 0.99138
22327.70000 0.92217 0.99535
22327.80000 0.89475 0.99793
22327.90000 0.88376 0.99919
22328.10000 0.88685 0.99981
22328.20000 0.89942 0.99986
22328.30000 0.92489 0.99988
22328.40000 0.96692 0.99989
22328.50000 0.86562 0.99989
22328.60000 0.99976 0.99990
22328.70000 1.00418 0.99990
22328.80000 0.99139 0.99990
22329.00000 0.98600 0.99990
22329.10000 0.99306 0.99991
22329.20000 0.98911 0.99991
22329.30000 0.97576 0.99991
22329.40000 0.97104 0.99991
22329.50000 0.98100 0.99991
22329.60000 0.98135 0.99991
22329.70000 0.94128 0.99991
22329.80000 0.99041 0.99991
22330.00000 0.99003 0.99991
22330.10000 0.98542 0.99991
22330.20000 0.98695 0.99990
22330.30000 0.98040 0.99990
22330.40000 0.99145 0.99990
22330.50000 1.00347 0.99990
22330.60000 1.02141 0.99989
22330.70000 1.00751 0.99987
22330.90000 0.98154 0.99970
22331.00000 1.00414 0.99929
22331.10000 1.00597 0.99824
22331.20000 0.98362 0.99623
22331.30000 0.96028 0.99334
22331.40000 0.93755 0.99026
22331.50000 0.93729 0.98800
22331.60000 0.93592 0.98731
22331.70000 0.94053 0.98841
22331.90000 0.95142 0.99405
22332.00000 0.96415 0.99676
22332.10000 0.96134 0.99852
22332.20000 0.95485 0.99939
22332.30000 0.93990 0.99972
22332.40000 0.94716 0.99983
22332.50000 0.95885 0.99987
22332.60000 0.97182 0.99989
22332.80000 0.98205 0.99990
22332.90000 0.98207 0.99990
22333.00000 0.96676 0.99990
22333.10000 0.95325 0.99990
22333.20000 0.95126 0.99990
22333.30000 0.96401 0.99990
22333.40000 0.97887 0.99990
22333.50000 0.97799 0.99990
22333.60000 0.97326 0.99989
22333.80000 0.97508 0.99988
22333.90000 0.95782 0.99986
22334.00000 0.95525 0.99982
22334.10000 0.96211 0.99970
22334.20000 0.95889 0.99933
22334.30000 0.97041 0.99833
22334.40000 0.97178 0.99610
22334.50000 0.97640 0.99233
22334.60000 0.97324 0.98755
22334.80000 0.97426 0.98051
22334.90000 0.98376 0.98062
22335.00000 0.99669 0.98339
22335.10000 0.83069 0.98787
22335.20000 0.97889 0.99243
22335.30000 0.95767 0.99560
