22068.30000 1.00434 0.99053
22068.40000 0.96643 0.98924
22068.50000 0.97380 0.98706
22068.60000 0.98504 0.98490
22068.70000 1.00324 0.98371
22068.90000 1.01624 0.98581
22069.00000 1.02965 0.98832
22069.10000 1.02270 0.99066
22069.20000 1.02654 0.99226
22069.30000 1.02829 0.99309
22069.40000 1.02666 0.99344
22069.50000 1.01455 0.99357
22069.60000 1.00312 0.99362
22069.70000 0.97355 0.99365
22069.80000 0.95886 0.99366
22069.90000 0.93685 0.99366
22070.00000 0.92813 0.99365
22070.10000 0.91763 0.99364
22070.20000 0.92628 0.99362
22070.30000 0.92905 0.99359
22070.40000 0.94539 0.99355
22070.50000 0.94959 0.99349
22070.70000 0.95331 0.99331
22070.80000 0.95139 0.99312
22070.90000 0.94072 0.99274
22071.00000 0.92634 0.99201
22071.10000 0.90071 0.99079
22071.20000 0.88642 0.98914
22071.30000 0.88260 0.98738
22071.40000 0.90373 0.98601
22071.50000 0.91555 0.98536
22071.60000 0.91941 0.98546
22071.70000 0.92743 0.98603
22071.80000 0.95046 0.98667
22071.90000 0.94763 0.98705
22072.00000 0.94401 0.98710
22072.10000 0.96211 0.98698
22072.20000 0.98067 0.98683
22072.40000 0.98591 0.98656
22072.50000 0.98315 0.98639
22072.60000 0.98851 0.98616
22072.70000 0.98401 0.98589
22072.80000 0.98103 0.98565
22072.90000 0.95772 0.98548
22073.00000 0.94395 0.98547
22073.10000 0.93380 0.98563
22073.20000 0.94544 0.98597
22073.30000 0.95832 0.98644
22073.40000 0.96179 0.98700
22073.50000 0.97423 0.98758
22073.60000 0.98016 0.98813
22073.70000 0.98942 0.98864
22073.90000 1.00149 0.98950
22074.00000 1.00936 0.98984
22074.10000 0.99746 0.99008
22074.20000 0.99804 0.99011
22074.30000 0.98746 0.98975
22074.40000 0.98483 0.98887
22074.50000 0.99310 0.98757
22074.60000 0.98255 0.98622
22074.70000 0.97464 0.98536
22074.80000 0.96733 0.98533
22074.90000 0.96518 0.98613
22075.00000 0.96216 0.98740
22075.10000 0.95744 0.98864
22075.20000 0.95206 0.98948
22075.40000 0.96292 0.98989
22075.50000 0.95757 0.98978
22075.60000 0.96112 0.98961
22075.70000 0.96623 0.98942
22075.80000 0.98268 0.98920
22075.90000 0.98482 0.98897
22076.00000 0.98315 0.98871
22076.10000 0.96535 0.98843
22076.20000 0.97626 0.98811
22076.30000 0.96075 0.98774
22076.40000 0.94588 0.98732
22076.50000 0.93960 0.98688
22076.60000 0.93142 0.98645
22076.80000 0.93089 0.98568
22076.90000 0.94951 0.98536
22077.00000 0.96285 0.98506
22077.10000 0.95693 0.98473
22077.20000 0.96546 0.98437
22077.30000 0.96689 0.98397
22077.40000 0.96757 0.98354
22077.50000 0.95827 0.98309
22077.60000 0.95444 0.98261
22077.70000 0.94291 0.98211
22077.80000 0.93174 0.98156
22077.90000 0.93040 0.98097
22078.10000 0.94088 0.97969
22078.20000 0.95295 0.97907
22078.30000 0.95339 0.97847
22078.40000 0.94095 0.97785
22078.50000 0.93175 0.97720
22078.60000 0.92889 0.97645
22078.70000 0.92994 0.97558
22078.80000 0.93833 0.97454
22078.90000 0.95771 0.97331
22079.00000 0.96594 0.97185
22079.10000 0.97115 0.97012
22079.20000 0.96530 0.96814
22079.40000 0.97445 0.96372
22079.50000 0.99051 0.96155
22079.60000 0.97376 0.95955
22079.70000 0.95955 0.95770
22079.80000 0.95564 0.95592
22079.90000 0.95194 0.95415
22080.00000 0.94006 0.95237
22080.10000 0.93896 0.95065
22080.20000 0.95146 0.94903
22080.30000 0.94855 0.94751
22080.40000 0.93883 0.94595
22080.60000 0.93552 0.94201
22080.70000 0.92249 0.93940
22080.80000 0.92648 0.93632
22080.90000 0.91182 0.93277
22081.00000 0.89444 0.92877
22081.10000 0.87689 0.92435
22081.20000 0.86317 0.91948
22081.30000 0.86852 0.91413
22081.40000 0.87501 0.90829
22081.50000 0.87202 0.90191
22081.60000 0.87972 0.89495
22081.80000 0.86556 0.87913
22081.90000 0.84877 0.87018
22082.00000 0.83430 0.86048
22082.10000 0.82219 0.84996
22082.20000 0.81171 0.83854
22082.30000 0.80373 0.82606
22082.40000 0.78193 0.81228
22082.50000 0.76831 0.79694
22082.60000 0.74739 0.77999
22082.70000 0.74103 0.76183
22082.90000 0.71587 0.72577
22083.00000 0.72242 0.71080
22083.10000 0.70467 0.69997
22083.20000 0.70096 0.69420
22083.30000 0.70636 0.69350
22083.40000 0.73087 0.69669
22083.50000 0.74384 0.70137
22083.60000 0.76821 0.70479
22083.70000 0.76190 0.70520
22083.80000 0.74864 0.70240
22084.00000 0.73791 0.69399
22084.10000 0.71419 0.69360
22084.20000 0.70756 0.69812
22084.30000 0.70843 0.70780
22084.40000 0.70929 0.72190
22084.50000 0.72429 0.73898
22084.60000 0.73257 0.75741
22084.70000 0.74782 0.77576
22084.80000 0.77759 0.79306
22084.90000 0.79376 0.80880
22085.10000 0.80367 0.83572
22085.20000 0.82932 0.84739
22085.30000 0.84267 0.85812
22085.40000 0.85812 0.86803
22085.50000 0.87089 0.87717
22085.60000 0.88452 0.88560
22085.70000 0.89340 0.89336
22085.80000 0.89755 0.90049
22085.90000 0.90094 0.90705
22086.10000 0.90260 0.91858
22086.20000 0.90858 0.92364
22086.30000 0.91039 0.92829
22086.40000 0.91584 0.93256
22086.50000 0.91650 0.93648
22086.60000 0.91801 0.94008
22086.70000 0.92406 0.94338
22086.80000 0.92771 0.94640
22086.90000 0.92913 0.94917
22087.10000 0.93753 0.95385
22087.20000 0.95655 0.95564
22087.30000 0.94443 0.95691
22087.40000 0.95485 0.95750
22087.50000 0.96418 0.95746
22087.60000 0.95822 0.95725
22087.70000 0.96390 0.95753
22087.80000 0.96202 0.95881
22087.90000 0.97051 0.96118
22088.10000 0.96782 0.96730
22088.20000 0.96441 0.96970
22088.30000 0.97302 0.97109
22088.40000 0.97872 0.97140
22088.50000 0.98317 0.97078
22088.60000 0.97717 0.96974
22088.70000 0.97218 0.96900
22088.80000 0.96345 0.96922
22088.90000 0.96599 0.97066
22089.10000 0.97260 0.97564
22089.20000 0.96659 0.97779
22089.30000 0.97847 0.97914
22089.40000 0.96518 0.97967
22089.50000 0.96409 0.97951
22089.60000 0.95103 0.97883
22089.70000 0.94234 0.97778
22089.80000 0.93785 0.97662
22090.00000 0.92743 0.97463
22090.10000 0.95997 0.97327
22090.20000 0.97755 0.97075
22090.30000 0.97159 0.96663
22090.40000 0.98397 0.96136
22090.50000 0.97815 0.95640
22090.60000 0.97105 0.95354
22090.70000 0.96514 0.95393
22090.80000 0.96017 0.95732
22091.00000 0.96972 0.96631
22091.10000 0.97092 0.96880
22091.20000 0.97871 0.96965
22091.30000 0.96577 0.96949
22091.40000 0.97296 0.96911
22091.50000 0.96702 0.96946
22091.60000 0.96283 0.97119
22091.70000 0.96102 0.97392
22091.90000 0.96246 0.97811
22092.00000 0.97806 0.97755
22092.10000 0.99435 0.97459
22092.20000 0.99305 0.97017
22092.30000 0.98872 0.96638
22092.40000 0.99477 0.96528
22092.50000 0.99081 0.96772
22092.60000 0.99211 0.97299
22092.80000 0.97860 0.98482
22092.90000 0.95626 0.98862
22093.00000 0.95650 0.99076
22093.10000 0.97960 0.99182
22093.20000 0.97946 0.99237
22093.30000 0.99789 0.99271
22093.40000 1.00411 0.99296
22093.50000 0.98926 0.99317
22093.70000 0.98013 0.99352
22093.80000 0.96296 0.99367
22093.90000 0.95844 0.99381
22094.00000 0.94375 0.99394
22094.10000 0.95191 0.99406
22094.20000 0.93639 0.99418
22094.30000 0.94609 0.99430
22094.40000 0.95393 0.99441
22094.60000 0.97337 0.99462
22094.70000 0.98253 0.99472
22094.80000 0.98525 0.99481
22094.90000 0.98484 0.99490
22095.00000 0.99038 0.99498
22095.10000 0.98829 0.99507
22095.20000 0.99848 0.99515
22095.40000 0.98443 0.99530
22095.40000 0.98437 0.99530
22095.50000 0.97789 0.99538
22095.70000 0.99010 0.99552
22095.80000 0.98276 0.99559
22095.90000 0.99775 0.99565
22096.00000 0.99202 0.99572
22096.10000 0.99163 0.99578
22096.30000 0.98349 0.99589
22096.40000 0.97770 0.99595
22096.50000 0.97973 0.99600
22096.60000 0.98862 0.99605
22096.70000 0.99816 0.99610
22096.80000 1.02884 0.99614
22096.90000 1.02369 0.99617
22097.10000 0.98872 0.99623
22097.20000 0.93659 0.99624
22097.30000 0.92066 0.99624
22097.30000 0.93166 0.99624
22097.40000 0.94456 0.99621
22097.60000 0.97951 0.99594
22097.70000 0.99901 0.99556
22097.80000 1.00227 0.99488
22098.00000 1.00125 0.99277
22098.10000 0.99462 0.99186
22098.20000 0.99670 0.99146
22098.30000 0.99424 0.99166
22098.40000 1.00251 0.99224
22098.50000 0.99604 0.99272
22098.60000 0.99878 0.99269
22098.80000 0.97826 0.99137
22098.90000 0.96356 0.99098
22098.90000 0.94218 0.99098
22099.00000 0.93729 0.99125
22099.20000 0.95097 0.99326
22099.30000 0.96217 0.99428
22099.30000 0.95711 0.99428
22099.60000 0.96873 0.99551
22099.70000 0.98323 0.99570
22099.80000 0.98215 0.99594
22099.90000 0.97517 0.99621
22100.00000 0.95942 0.99650
22100.10000 0.94590 0.99675
22100.20000 0.95366 0.99696
22100.40000 0.95856 0.99719
22100.50000 0.97117 0.99721
22100.60000 0.97759 0.99708
22100.70000 0.98377 0.99659
22100.80000 0.99463 0.99548
22100.90000 0.99415 0.99368
22100.90000 0.98868 0.99368
22101.20000 0.99445 0.98933
22101.30000 0.98599 0.99013
22101.30000 0.99755 0.99013
22101.50000 0.97023 0.99414
22101.60000 0.97454 0.99592
22101.70000 0.97966 0.99700
22101.80000 1.00055 0.99750
22102.00000 0.99196 0.99775
22102.10000 0.98467 0.99778
22102.20000 0.96609 0.99781
22102.30000 0.98586 0.99783
22102.40000 0.99677 0.99785
22102.40000 0.99477 0.99785
22102.50000 0.99114 0.99786
22102.70000 0.97238 0.99789
22102.80000 0.96018 0.99791
22102.90000 0.97441 0.99792
22103.00000 0.98600 0.99793
22103.10000 0.99606 0.99794
22103.20000 1.00020 0.99795
22103.30000 0.99473 0.99796
22103.50000 0.98857 0.99798
22103.60000 1.00077 0.99799
22103.80000 1.00338 0.99801
22103.90000 0.99729 0.99801
22103.90000 0.98974 0.99801
22104.10000 0.98282 0.99802
22104.20000 0.97752 0.99802
22104.30000 0.97619 0.99802
22104.40000 0.96649 0.99801
22104.50000 0.96798 0.99797
22104.60000 0.96986 0.99785
22104.70000 0.96598 0.99753
22104.80000 0.96214 0.99691
22105.00000 0.97581 0.99504
22105.10000 0.95755 0.99435
22105.30000 0.95346 0.99468
22105.30000 0.95270 0.99468
22105.40000 0.95540 0.99556
22105.50000 0.97790 0.99652
22105.80000 0.98771 0.99785
22105.90000 0.97020 0.99790
22105.90000 0.94687 0.99790
22106.00000 0.92664 0.99790
22106.10000 0.91978 0.99789
22106.20000 0.91322 0.99786
22106.30000 0.92297 0.99784
22106.50000 0.93010 0.99778
22106.60000 0.94437 0.99774
22106.70000 0.94078 0.99770
22106.90000 0.95308 0.99760
22106.90000 0.96058 0.99760
22107.00000 0.97083 0.99754
22107.30000 0.97477 0.99730
22107.30000 0.98002 0.99730
22107.40000 0.96955 0.99720
22107.60000 0.98876 0.99695
22107.70000 0.97247 0.99679
22107.70000 0.95949 0.99679
22107.80000 0.94839 0.99659
22108.00000 0.96346 0.99612
22108.10000 0.98286 0.99583
22108.20000 0.98464 0.99546
22108.30000 0.98413 0.99499
22108.40000 0.97322 0.99439
22108.50000 0.97748 0.99361
22108.80000 0.96464 0.98965
22108.90000 0.96238 0.98775
22108.90000 0.97812 0.98775
22109.00000 0.96415 0.98579
22109.20000 0.96610 0.98257
22109.30000 0.96791 0.98161
22109.40000 0.97433 0.98108
22109.50000 0.98079 0.98085
22109.60000 0.98601 0.98070
22109.70000 0.98067 0.98048
22109.80000 0.97702 0.98020
22109.90000 0.97873 0.98004
22110.00000 0.98129 0.98018
22110.20000 0.97127 0.98161
22110.30000 0.96095 0.98275
22110.40000 0.93263 0.98388
22110.50000 0.92458 0.98475
22110.60000 0.91875 0.98520
22110.70000 0.93950 0.98519
22110.90000 0.95078 0.98418
22111.00000 0.95206 0.98344
22111.10000 0.95085 0.98265
22111.20000 0.97099 0.98183
22111.30000 0.96793 0.98090
22111.40000 0.97205 0.97977
22111.60000 0.96447 0.97655
22111.70000 0.96273 0.97462
22111.80000 0.93766 0.97284
22111.90000 0.94843 0.97151
22112.00000 0.95906 0.97078
22112.10000 0.96181 0.97069
22112.30000 0.96078 0.97175
22112.40000 0.97105 0.97236
22112.50000 0.97935 0.97287
22112.60000 0.97787 0.97345
22112.70000 0.99690 0.97436
22112.80000 1.00658 0.97577
22113.00000 1.03232 0.98011
22113.10000 1.01434 0.98272
22113.20000 1.00013 0.98526
22113.30000 1.00450 0.98749
22113.40000 0.98894 0.98932
22113.50000 0.97235 0.99077
22113.70000 0.98025 0.99285
22113.80000 1.00332 0.99361
22113.90000 1.00516 0.99424
22114.00000 1.01767 0.99476
22114.10000 1.00641 0.99519
22114.20000 1.00610 0.99554
22114.40000 0.99248 0.99611
22114.50000 0.99162 0.99635
22114.60000 0.98467 0.99657
22114.70000 0.99352 0.99679
22114.80000 0.99116 0.99698
22114.90000 1.00469 0.99715
22115.10000 1.00654 0.99741
22115.20000 1.00320 0.99753
22115.30000 1.00136 0.99763
22115.40000 0.99803 0.99773
22115.50000 0.98925 0.99782
22115.60000 0.98166 0.99791
22115.80000 0.97415 0.99804
22115.90000 0.96808 0.99810
22116.00000 0.97619 0.99816
22116.10000 0.98469 0.99821
22116.20000 0.98250 0.99826
22116.30000 0.98805 0.99831
22116.50000 1.00013 0.99838
22116.60000 1.01001 0.99842
22116.70000 0.99960 0.99845
22116.80000 1.00589 0.99849
22116.90000 0.99508 0.99852
22117.00000 1.00443 0.99854
22117.20000 0.99066 0.99859
22117.30000 1.00126 0.99860
22117.40000 0.99296 0.99861
22117.50000 1.00221 0.99859
22117.60000 0.99773 0.99848
22117.70000 0.99607 0.99817
22117.90000 0.97775 0.99642
22118.00000 0.98828 0.99511
22118.10000 0.98427 0.99396
22118.20000 0.99133 0.99340
22118.30000 0.97845 0.99355
22118.40000 0.97037 0.99424
22118.60000 0.94273 0.99562
22118.70000 0.92456 0.99586
22118.80000 0.93548 0.99596
22118.90000 0.97670 0.99618
22119.00000 0.98163 0.99663
22119.20000 0.98952 0.99788
22119.30000 1.00202 0.99835
22119.40000 0.99942 0.99860
22119.50000 1.00515 0.99865
22119.60000 0.99204 0.99851
22119.70000 0.96970 0.99816
22119.90000 0.97072 0.99696
22120.00000 0.97640 0.99642
22120.10000 0.97809 0.99617
22120.20000 0.97943 0.99629
22120.30000 0.98007 0.99674
22120.40000 0.96716 0.99736
22120.60000 0.94834 0.99838
22120.70000 0.94330 0.99860
22120.80000 0.95263 0.99868
22120.90000 0.96883 0.99869
22121.00000 0.98952 0.99868
22121.10000 0.99428 0.99865
22121.30000 0.98239 0.99859
22121.40000 0.97489 0.99856
22121.50000 0.97749 0.99852
22121.60000 0.98428 0.99848
22121.70000 0.98350 0.99843
22121.90000 0.97454 0.99832
22122.00000 0.97649 0.99825
22122.10000 0.96546 0.99817
22122.20000 0.99030 0.99808
22122.30000 0.98389 0.99798
22122.40000 0.99850 0.99786
22122.60000 0.98817 0.99756
22122.70000 0.99331 0.99738
22122.80000 0.97876 0.99716
22122.90000 0.98808 0.99691
22123.00000 0.97774 0.99659
22123.10000 0.96118 0.99621
22123.30000 0.95129 0.99515
22123.40000 0.94650 0.99444
22123.50000 0.94789 0.99359
22123.60000 0.96289 0.99264
22123.70000 0.97410 0.99163
22123.90000 0.99019 0.98986
22124.00000 0.99292 0.98926
22124.10000 0.99246 0.98887
22124.20000 0.98674 0.98866
22124.30000 0.97631 0.98856
22124.40000 0.97348 0.98852
22124.60000 0.98447 0.98844
22124.70000 0.97660 0.98844
22124.80000 0.98088 0.98853
22124.90000 0.97645 0.98878
22125.00000 0.96599 0.98923
22125.10000 0.93988 0.98989
22125.30000 0.93694 0.99163
22125.40000 0.94590 0.99250
22125.50000 0.95593 0.99327
22125.60000 0.95876 0.99389
22125.70000 0.97119 0.99438
22125.90000 0.95715 0.99505
22126.00000 0.96529 0.99529
22126.10000 0.96313 0.99550
22126.20000 0.96972 0.99568
22126.30000 0.97124 0.99584
22126.40000 0.95556 0.99599
22126.60000 0.96449 0.99626
22126.70000 0.98569 0.99639
22126.80000 0.98987 0.99653
22126.90000 0.99737 0.99667
22127.00000 0.99060 0.99682
22127.20000 1.00121 0.99714
22127.30000 0.99062 0.99730
22127.40000 0.98552 0.99744
22127.50000 0.96917 0.99757
22127.60000 0.96533 0.99768
22127.70000 0.98235 0.99777
22127.90000 1.00226 0.99793
22128.00000 0.98332 0.99800
22128.10000 0.99593 0.99806
22128.20000 0.99111 0.99811
22128.30000 0.97443 0.99814
22128.40000 0.96771 0.99816
22128.60000 0.96666 0.99814
22128.70000 0.99360 0.99810
22128.80000 0.99824 0.99803
22128.90000 0.99138 0.99792
22129.00000 0.99318 0.99774
22129.20000 0.98516 0.99680
22129.30000 0.97331 0.99558
22129.40000 0.96754 0.99368
22129.50000 0.98083 0.99142
22129.60000 0.98005 0.98954
22129.70000 0.99550 0.98876
22129.90000 0.98397 0.99116
22130.00000 0.98245 0.99339
22130.10000 0.98848 0.99529
22130.20000 1.00037 0.99650
22130.30000 0.98845 0.99709
22130.50000 0.98342 0.99749
22130.60000 0.99529 0.99760
22130.70000 0.98962 0.99773
22130.80000 0.96635 0.99787
22130.90000 0.94880 0.99803
22131.00000 0.94302 0.99820
22131.20000 0.95045 0.99851
22131.30000 0.97016 0.99864
22131.40000 1.00676 0.99875
22131.50000 1.00693 0.99884
22131.60000 1.01203 0.99891
22131.80000 0.99822 0.99901
22131.90000 0.99469 0.99906
22132.00000 0.96728 0.99910
22132.10000 0.97170 0.99913
22132.20000 0.97711 0.99916
22132.30000 0.99314 0.99919
22132.50000 0.98939 0.99923
22132.60000 1.01159 0.99925
22132.70000 0.99186 0.99927
22132.80000 0.98451 0.99928
22132.90000 0.96188 0.99929
22133.10000 0.95788 0.99932
22133.20000 0.96006 0.99933
22133.30000 0.96749 0.99933
22133.40000 0.96665 0.99934
22133.50000 0.98216 0.99935
22133.60000 0.97397 0.99936
22133.80000 1.00586 0.99937
22133.90000 1.00646 0.99937
22134.00000 1.01309 0.99938
22134.10000 1.00699 0.99938
22134.20000 1.00950 0.99938
22134.40000 0.99607 0.99938
22134.50000 0.99784 0.99938
22134.60000 0.98163 0.99938
22134.70000 0.98744 0.99938
22134.80000 0.98390 0.99938
22134.90000 0.97615 0.99937
22135.10000 0.98538 0.99935
22135.20000 0.98553 0.99932
22135.30000 0.99504 0.99924
22135.40000 0.99654 0.99899
22135.50000 0.99460 0.99836
22135.70000 0.99797 0.99488
22135.80000 0.99258 0.99237
22135.90000 0.99374 0.99033
22136.00000 0.99227 0.98955
22136.10000 0.99451 0.99027
22136.20000 0.99557 0.99201
22136.40000 0.99036 0.99452
22136.50000 0.99625 0.99419
22136.60000 1.00018 0.99342
22136.70000 0.99594 0.99303
22136.80000 0.98221 0.99350
22137.00000 0.96105 0.99630
22137.10000 0.97571 0.99762
22137.20000 0.99175 0.99843
22137.30000 0.99938 0.99878
22137.40000 0.98516 0.99887
22137.50000 0.98766 0.99885
22137.70000 0.96646 0.99867
22137.80000 0.96865 0.99849
22137.90000 0.96432 0.99817
22138.00000 0.98500 0.99757
22138.10000 0.98516 0.99657
22138.30000 0.99329 0.99379
22138.40000 0.97653 0.99260
22138.50000 0.98881 0.99181
22138.60000 0.98654 0.99132
22138.70000 0.99284 0.99083
22138.80000 0.99588 0.98997
22139.00000 0.99434 0.98682
22139.10000 0.97523 0.98510
22139.20000 0.97387 0.98379
22139.30000 0.95244 0.98308
22139.40000 0.95905 0.98294
22139.60000 0.96094 0.98341
22139.70000 0.95825 0.98352
22139.80000 0.96303 0.98339
22139.90000 0.97578 0.98311
22140.00000 0.98280 0.98295
22140.10000 0.98796 0.98317
22140.30000 0.98390 0.98542
22140.40000 0.99291 0.98733
22140.50000 0.98433 0.98944
22140.60000 0.98551 0.99144
22140.70000 0.96982 0.99303
22140.90000 0.95648 0.99438
22141.00000 0.94492 0.99432
22141.10000 0.94891 0.99419
22141.20000 0.98114 0.99434
22141.30000 1.00727 0.99492
22141.40000 1.01651 0.99587
22141.60000 1.00902 0.99782
22141.70000 1.00112 0.99842
22141.80000 0.99820 0.99876
22141.90000 0.98007 0.99893
22142.00000 0.96326 0.99903
22142.20000 0.94724 0.99915
22142.30000 0.96098 0.99920
22142.40000 0.99274 0.99924
22142.50000 1.01192 0.99928
22142.60000 0.99514 0.99931
22142.70000 0.98562 0.99933
22142.90000 0.99140 0.99938
22143.00000 0.98437 0.99940
22143.10000 0.98859 0.99942
22143.20000 0.97723 0.99944
22143.30000 0.96271 0.99946
22143.40000 0.97743 0.99947
22143.60000 0.98532 0.99949
22143.70000 0.99982 0.99950
22143.80000 0.99795 0.99951
22143.90000 0.99810 0.99952
22144.00000 0.98669 0.99952
22144.20000 0.97872 0.99954
22144.30000 0.97111 0.99955
22144.40000 0.97959 0.99955
22144.50000 0.98616 0.99956
22144.60000 0.99747 0.99956
22144.70000 0.99584 0.99957
22144.90000 0.99271 0.99957
22145.00000 0.98155 0.99958
22145.10000 0.97598 0.99958
22145.20000 0.96231 0.99958
22145.30000 0.96050 0.99958
22145.50000 0.95727 0.99957
22145.60000 0.97225 0.99956
22145.70000 0.98657 0.99955
22145.80000 0.99615 0.99952
22145.90000 0.98319 0.99943
22146.00000 0.96819 0.99915
22146.20000 0.95469 0.99746
22146.30000 0.96512 0.99602
22146.40000 0.95824 0.99455
22146.50000 0.97272 0.99341
22146.60000 0.97579 0.99268
22146.80000 0.97257 0.99157
22146.90000 0.98095 0.99097
22147.00000 0.98842 0.99070
22147.10000 0.98481 0.99119
22147.20000 0.99130 0.99260
22147.30000 0.98627 0.99463
22147.50000 0.99795 0.99815
22147.60000 0.99252 0.99898
22147.70000 1.00457 0.99931
22147.80000 0.99209 0.99940
22147.90000 0.98213 0.99941
22148.00000 0.95601 0.99940
22148.20000 0.94153 0.99935
22148.30000 0.93641 0.99931
22148.40000 0.95823 0.99926
22148.50000 0.98361 0.99920
22148.60000 0.98553 0.99914
22148.80000 0.99161 0.99894
22148.90000 0.99055 0.99881
22149.00000 0.98011 0.99867
22149.10000 0.96512 0.99852
22149.20000 0.95500 0.99836
22149.30000 0.95975 0.99820
22149.50000 0.96354 0.99792
22149.60000 0.97971 0.99781
22149.70000 0.96530 0.99774
22149.80000 0.96073 0.99768
22149.90000 0.94613 0.99762
22150.00000 0.94543 0.99756
22150.20000 0.94953 0.99733
22150.30000 0.96848 0.99718
22150.40000 0.98818 0.99699
22150.50000 0.99466 0.99680
22150.60000 0.98686 0.99657
22150.80000 0.97063 0.99573
22150.90000 0.96670 0.99499
22151.00000 0.98894 0.99415
22151.10000 0.99573 0.99353
22151.20000 0.99078 0.99339
22151.30000 0.97609 0.99382
22151.50000 0.95459 0.99570
22151.60000 0.95418 0.99656
22151.70000 0.96802 0.99711
22151.80000 0.97754 0.99742
22151.90000 0.98627 0.99760
22152.00000 0.97800 0.99773
22152.20000 0.97240 0.99800
22152.30000 0.95138 0.99816
22152.40000 0.93716 0.99833
22152.50000 0.94454 0.99851
22152.60000 0.97254 0.99868
22152.70000 0.96729 0.99883
22152.90000 0.97708 0.99907
22153.00000 0.98382 0.99916
22153.10000 0.98970 0.99923
22153.20000 0.99704 0.99929
22153.30000 0.96727 0.99935
22153.50000 0.95716 0.99944
22153.60000 0.96429 0.99948
22153.70000 0.96928 0.99950
22153.80000 0.98575 0.99953
22153.90000 0.99023 0.99955
22154.00000 1.00005 0.99957
22154.20000 0.99870 0.99960
22154.30000 0.99668 0.99962
22154.40000 0.98249 0.99963
22154.50000 0.97591 0.99964
22154.60000 0.95971 0.99965
22154.70000 0.97480 0.99966
22154.90000 0.97200 0.99967
22155.00000 0.98062 0.99968
22155.10000 0.98217 0.99969
22155.20000 0.97981 0.99969
22155.30000 0.98708 0.99970
22155.40000 0.97292 0.99970
22155.60000 0.95716 0.99971
22155.70000 0.94695 0.99971
22155.80000 0.95671 0.99971
22155.90000 0.97786 0.99971
22156.00000 0.98013 0.99971
22156.10000 0.95831 0.99971
22156.30000 0.93974 0.99971
22156.40000 0.94163 0.99971
22156.50000 0.92634 0.99970
22156.60000 0.93735 0.99968
22156.70000 0.95899 0.99962
22156.80000 0.96595 0.99941
22157.00000 0.96897 0.99731
22157.10000 0.95282 0.99463
22157.20000 0.93276 0.99105
22157.30000 0.92904 0.98761
22157.40000 0.94407 0.98564
22157.50000 0.97185 0.98594
22157.70000 0.98188 0.99199
22157.80000 0.99215 0.99542
22157.90000 1.00000 0.99780
22158.00000 0.99511 0.99902
22158.10000 0.96994 0.99950
22158.20000 0.96442 0.99966
22158.40000 0.98602 0.99973
22158.50000 0.99998 0.99975
22158.60000 1.00435 0.99975
22158.70000 1.00023 0.99976
22158.80000 1.00227 0.99977
22158.90000 1.00157 0.99977
22159.10000 0.99436 0.99977
22159.20000 1.00228 0.99978
22159.30000 0.99993 0.99978
22159.40000 1.00094 0.99978
22159.50000 1.00256 0.99978
22159.60000 0.99884 0.99978
22159.80000 0.94431 0.99979
22159.90000 0.95428 0.99979
22160.00000 0.96000 0.99979
22160.10000 0.94871 0.99979
22160.20000 0.93924 0.99979
22160.30000 0.94124 0.99979
22160.50000 0.93426 0.99979
22160.60000 0.93145 0.99979
22160.70000 0.92070 0.99979
22160.80000 0.93271 0.99979
22160.90000 0.93865 0.99979
22161.00000 0.94748 0.99980
22161.20000 0.94130 0.99980
22161.30000 0.94661 0.99980
22161.40000 0.95520 0.99980
22161.50000 0.96023 0.99980
22161.60000 0.96348 0.99980
22161.70000 0.96402 0.99980
22161.90000 0.95874 0.99980
22162.00000 0.94212 0.99981
22162.10000 0.96008 0.99981
22162.20000 0.96878 0.99981
22162.30000 0.98045 0.99981
22162.40000 0.99385 0.99981
22162.60000 0.99155 0.99981
22162.70000 0.99219 0.99981
22162.80000 0.98106 0.99982
22162.90000 0.98149 0.99982
22163.00000 0.95501 0.99982
22163.10000 0.96078 0.99982
22163.20000 0.95747 0.99982
22163.40000 0.96691 0.99982
22163.50000 0.97044 0.99982
22163.60000 0.98570 0.99982
22163.70000 0.98493 0.99982
22163.80000 0.98629 0.99982
22163.90000 0.97686 0.99982
22164.10000 0.98044 0.99981
22164.20000 0.96313 0.99981
22164.30000 0.97677 0.99981
22164.40000 0.95746 0.99981
22164.50000 0.94989 0.99981
22164.60000 0.94464 0.99981
22164.80000 0.94888 0.99981
22164.90000 0.94779 0.99981
22165.00000 0.96491 0.99981
22165.10000 0.96022 0.99981
22165.20000 0.96850 0.99981
22165.30000 0.96282 0.99981
22165.40000 0.95234 0.99982
22165.60000 0.95254 0.99982
22165.70000 0.96544 0.99982
22165.80000 0.95057 0.99982
22165.90000 0.95484 0.99982
22166.00000 0.96382 0.99982
22166.10000 0.96466 0.99982
22166.30000 0.95240 0.99982
22166.40000 0.95653 0.99982
22166.50000 0.95627 0.99982
22166.60000 0.97672 0.99982
22166.70000 0.97713 0.99982
22166.80000 0.95591 0.99982
22166.90000 0.94591 0.99982
22167.10000 0.94449 0.99982
22167.20000 0.94309 0.99982
22167.30000 0.95097 0.99982
22167.40000 0.94978 0.99982
22167.50000 0.97426 0.99982
22167.60000 0.97813 0.99982
22167.80000 0.97462 0.99982
22167.90000 0.95574 0.99982
22168.00000 0.95883 0.99982
22168.10000 0.96383 0.99982
22168.20000 0.97996 0.99982
22168.30000 0.97775 0.99982
22168.40000 0.99007 0.99982
22168.60000 0.98630 0.99982
22168.70000 0.99262 0.99982
22168.80000 0.98615 0.99982
22168.90000 0.98418 0.99982
22169.00000 0.97367 0.99982
22169.10000 0.97594 0.99982
22169.20000 0.98979 0.99982
22169.40000 0.98368 0.99982
22169.50000 0.98099 0.99982
22169.60000 0.97154 0.99982
22169.70000 0.96200 0.99982
22169.80000 0.95054 0.99982
22169.90000 0.94717 0.99981
22170.00000 0.96014 0.99981
22170.20000 0.96510 0.99981
22170.30000 0.96851 0.99981
22170.40000 0.96464 0.99981
22170.50000 0.96605 0.99981
22170.60000 0.96056 0.99981
22170.70000 0.96148 0.99981
22170.90000 0.94916 0.99980
22171.00000 0.95403 0.99980
22171.10000 0.95890 0.99979
22171.20000 0.96550 0.99979
22171.30000 0.98096 0.99978
22171.40000 0.98470 0.99977
22171.50000 0.98112 0.99973
22171.70000 0.97579 0.99931
22171.80000 0.97742 0.99851
22171.90000 0.98082 0.99700
22172.00000 0.98793 0.99491
22172.10000 0.98369 0.99282
22172.20000 0.97973 0.99148
22172.30000 0.98282 0.99140
22172.50000 0.97679 0.99468
22172.60000 0.98341 0.99675
22172.70000 0.97983 0.99830
22172.80000 0.98204 0.99918
22172.90000 0.98579 0.99956
22173.00000 0.97861 0.99970
22173.10000 0.96948 0.99974
22173.30000 0.97040 0.99975
22173.40000 0.97883 0.99975
22173.50000 0.97229 0.99975
22173.60000 0.95915 0.99975
22173.70000 0.95370 0.99975
22173.80000 0.96146 0.99975
22173.90000 0.97537 0.99974
22174.00000 0.97638 0.99974
22174.20000 0.97462 0.99973
22174.30000 0.98728 0.99972
22174.40000 0.99810 0.99971
22174.50000 0.98873 0.99970
22174.60000 0.99360 0.99970
22174.70000 0.97776 0.99969
22174.80000 0.97336 0.99968
22175.00000 0.95919 0.99965
22175.10000 0.96503 0.99964
22175.20000 0.96923 0.99962
22175.30000 0.96945 0.99960
22175.40000 0.97284 0.99958
22175.50000 0.96024 0.99956
22175.60000 0.96050 0.99952
22175.80000 0.95742 0.99944
22175.90000 0.93875 0.99940
22176.00000 0.94837 0.99935
22176.10000 0.95377 0.99929
22176.20000 0.97914 0.99921
22176.30000 1.00080 0.99910
22176.40000 0.99902 0.99896
22176.50000 0.98170 0.99878
22176.70000 0.98091 0.99818
22176.80000 0.97276 0.99764
22176.90000 0.97287 0.99674
22177.00000 0.97122 0.99526
22177.10000 0.98719 0.99306
22177.20000 0.99300 0.99024
22177.30000 1.00127 0.98731
22177.40000 1.00713 0.98503
22177.60000 0.99772 0.98431
22177.70000 0.99536 0.98543
22177.80000 1.00470 0.98659
22177.90000 0.99777 0.98727
22178.00000 1.00488 0.98744
22178.10000 0.99705 0.98739
22178.20000 1.00005 0.98739
22178.40000 0.99222 0.98731
22178.50000 0.98949 0.98669
22178.60000 0.98703 0.98556
22178.70000 0.99323 0.98441
22178.80000 0.97798 0.98400
22178.90000 0.97857 0.98489
22179.00000 0.97635 0.98707
22179.10000 0.98174 0.98996
22179.30000 0.97375 0.99507
22179.40000 0.96771 0.99659
22179.50000 0.95533 0.99754
22179.60000 0.95997 0.99813
22179.70000 0.96498 0.99851
22179.80000 0.97135 0.99877
22179.90000 0.96673 0.99896
22180.00000 0.96632 0.99909
22180.20000 0.96835 0.99928
22180.30000 0.98453 0.99935
22180.40000 1.00205 0.99941
22180.50000 1.02509 0.99946
22180.60000 1.03008 0.99950
22180.70000 1.02146 0.99953
22180.80000 1.00356 0.99956
22180.90000 1.00020 0.99958
22181.10000 0.98472 0.99962
22181.20000 0.96724 0.99963
22181.30000 0.94225 0.99965
22181.40000 0.94189 0.99966
22181.50000 0.94817 0.99968
22181.60000 0.94923 0.99969
22181.70000 0.94677 0.99970
22181.80000 0.93966 0.99971
22181.90000 0.93817 0.99972
22182.10000 0.94631 0.99974
22182.20000 0.96108 0.99974
22182.30000 0.97249 0.99975
22182.40000 0.97474 0.99975
22182.50000 0.96262 0.99976
22182.60000 0.96996 0.99977
22182.70000 0.97514 0.99977
22182.80000 0.97503 0.99978
22183.00000 0.97527 0.99978
22183.10000 0.95253 0.99979
22183.20000 0.93496 0.99979
22183.30000 0.92138 0.99979
22183.40000 0.92839 0.99979
22183.50000 0.93535 0.99980
22183.60000 0.96465 0.99980
22183.70000 0.97318 0.99980
22183.80000 0.97486 0.99981
22184.00000 0.95741 0.99981
22184.10000 0.95959 0.99981
22184.20000 0.95926 0.99981
22184.30000 0.96933 0.99981
22184.40000 0.98670 0.99981
22184.50000 1.00262 0.99981
22184.60000 1.01662 0.99982
22184.70000 1.02721 0.99982
22184.80000 1.04457 0.99982
22220.50000 0.99093 0.99745
22220.60000 0.99898 0.99858
22220.70000 0.98913 0.99925
22220.90000 0.98090 0.99967
22221.00000 0.97495 0.99970
22221.10000 0.97562 0.99971
22221.20000 0.96893 0.99972
22221.30000 0.95928 0.99972
22221.40000 0.94995 0.99972
22221.50000 0.94671 0.99973
22221.70000 0.96749 0.99973
22221.80000 0.98269 0.99973
22221.90000 0.99388 0.99973
22222.00000 0.99687 0.99973
22222.10000 0.99178 0.99973
22222.20000 0.99714 0.99972
22222.30000 0.98883 0.99972
22222.50000 0.98499 0.99972
22222.60000 0.97541 0.99972
22222.70000 0.97014 0.99972
22222.80000 0.97296 0.99972
22222.90000 0.98108 0.99972
22223.00000 0.97644 0.99972
22223.10000 0.99441 0.99972
22223.30000 1.00234 0.99971
22223.40000 1.00432 0.99971
22223.50000 1.00799 0.99971
22223.60000 1.00113 0.99971
22223.70000 0.99900 0.99971
22223.80000 0.99721 0.99970
22223.90000 0.99506 0.99970
22224.00000 0.97542 0.99970
22224.20000 0.95559 0.99969
22224.30000 0.94582 0.99969
22224.40000 0.95981 0.99969
22224.50000 0.96300 0.99968
22224.60000 0.97567 0.99968
22224.70000 0.98166 0.99967
22224.80000 0.98702 0.99967
22225.00000 0.98435 0.99966
22225.10000 0.98146 0.99966
22225.20000 0.98151 0.99965
22225.30000 0.97595 0.99965
22225.40000 0.96029 0.99965
22225.50000 0.95825 0.99964
22225.60000 0.96014 0.99963
22225.80000 0.96864 0.99962
22225.90000 0.95804 0.99961
22226.00000 0.94272 0.99961
22226.10000 0.93069 0.99960
22226.20000 0.94288 0.99959
22226.30000 0.96559 0.99958
22226.40000 0.96736 0.99958
22226.60000 0.96783 0.99956
22226.70000 0.96973 0.99955
22226.80000 0.98662 0.99954
22226.90000 0.99758 0.99953
22227.00000 0.99851 0.99952
22227.10000 0.99820 0.99951
22227.20000 0.99619 0.99949
22227.30000 0.99853 0.99948
22227.50000 0.99852 0.99944
22227.60000 1.00375 0.99942
22227.70000 1.00674 0.99940
22227.80000 1.00333 0.99938
22227.90000 0.99894 0.99936
22228.00000 0.98772 0.99933
22228.10000 0.97010 0.99929
22228.30000 0.95564 0.99906
22228.40000 0.94637 0.99863
22228.50000 0.95644 0.99756
22228.60000 0.96359 0.99553
22228.70000 0.97409 0.99258
22228.80000 0.97779 0.98942
22228.90000 0.98292 0.98717
22229.10000 0.98899 0.98819
22229.20000 0.98962 0.99100
22229.30000 0.98278 0.99405
22229.40000 0.98777 0.99641
22229.50000 0.98898 0.99775
22229.60000 0.98441 0.99829
22229.70000 0.97714 0.99842
22229.80000 0.97044 0.99840
22230.00000 0.95374 0.99818
22230.10000 0.95590 0.99804
22230.20000 0.95232 0.99787
22230.30000 0.95332 0.99768
22230.40000 0.93161 0.99745
22230.50000 0.92545 0.99717
22230.60000 0.92522 0.99684
22230.80000 0.93050 0.99589
22230.90000 0.92850 0.99520
22231.00000 0.92104 0.99428
22231.10000 0.91588 0.99293
22231.20000 0.90526 0.99068
22231.30000 0.90182 0.98632
22231.40000 0.89976 0.97781
22231.60000 0.88125 0.94185
22231.70000 0.87403 0.91613
22231.80000 0.85696 0.88970
22231.90000 0.85276 0.86642
22232.00000 0.84703 0.84871
22232.10000 0.84388 0.83697
22232.20000 0.83801 0.83092
22232.30000 0.84100 0.83067
22232.50000 0.84620 0.84604
22232.60000 0.84624 0.85868
22232.70000 0.83761 0.87071
22232.80000 0.84059 0.87832
22232.90000 0.86822 0.87892
22233.00000 0.87672 0.87232
22233.10000 0.87797 0.86075
22233.30000 0.86676 0.83738
22233.40000 0.85427 0.83117
22233.50000 0.84442 0.83049
22233.60000 0.84112 0.83563
22233.70000 0.85422 0.84645
22233.80000 0.86046 0.86319
22233.90000 0.86402 0.88568
22234.10000 0.86765 0.93793
22234.20000 0.87495 0.96009
22234.30000 0.90281 0.97587
22234.40000 0.91510 0.98526
22234.50000 0.90839 0.99013
22234.60000 0.91482 0.99263
22234.70000 0.91651 0.99409
22234.90000 0.92060 0.99578
22235.00000 0.92833 0.99632
22235.10000 0.94384 0.99675
22235.20000 0.95907 0.99709
22235.30000 0.96486 0.99736
22235.40000 0.96749 0.99759
22235.50000 0.96422 0.99772
22235.60000 0.96728 0.99764
22235.80000 0.95995 0.99530
22235.90000 0.95659 0.99219
22236.00000 0.96354 0.98804
22236.10000 0.96726 0.98406
22236.20000 0.96841 0.98161
22236.30000 0.96762 0.98155
22236.40000 0.97139 0.98393
22236.60000 0.96645 0.99232
22236.70000 0.97342 0.99573
22236.80000 0.97187 0.99775
22236.90000 0.97906 0.99866
22237.00000 0.98206 0.99900
22237.10000 0.98059 0.99912
22237.20000 0.99332 0.99917
22237.40000 0.99366 0.99925
22237.50000 0.99424 0.99928
22237.60000 0.98878 0.99930
22237.70000 0.99167 0.99933
22237.80000 0.98760 0.99935
22237.90000 0.98762 0.99937
22238.00000 1.00258 0.99939
22238.10000 0.99597 0.99941
22238.30000 0.99727 0.99944
22238.40000 0.99711 0.99945
22238.50000 0.98861 0.99947
22238.60000 0.98388 0.99948
22238.70000 0.98964 0.99949
22238.80000 0.99078 0.99950
22238.90000 0.99568 0.99951
22239.10000 0.99015 0.99953
22239.20000 0.97376 0.99954
22239.30000 0.95414 0.99954
22239.40000 0.95863 0.99955
22239.50000 0.96728 0.99956
22239.60000 0.97799 0.99956
22239.70000 0.98204 0.99957
22239.90000 0.99699 0.99957
22240.00000 1.00199 0.99957
22240.10000 0.99703 0.99956
22240.20000 0.99567 0.99953
22240.30000 0.98529 0.99944
22240.40000 0.97477 0.99911
22240.50000 0.95851 0.99815
22240.60000 0.96224 0.99599
22240.80000 0.96755 0.98786
22240.90000 0.98745 0.98375
22241.00000 0.99241 0.98140
22241.10000 0.99148 0.98150
22241.20000 0.98539 0.98387
22241.30000 0.99308 0.98749
22241.40000 1.00752 0.99095
22241.60000 1.00283 0.99416
22241.70000 1.00799 0.99443
22241.80000 1.00546 0.99473
22241.90000 0.99671 0.99539
22242.00000 1.00349 0.99635
22242.10000 0.99362 0.99740
22242.20000 0.98987 0.99831
22242.30000 0.98579 0.99897
22242.50000 0.98939 0.99952
22242.60000 0.99329 0.99958
22242.70000 0.97963 0.99959
22242.80000 0.97001 0.99954
22242.90000 0.97970 0.99938
22243.00000 0.99392 0.99893
22243.10000 1.00174 0.99791
22243.30000 0.99842 0.99410
22243.40000 1.00079 0.99227
22243.50000 0.99727 0.99143
22243.60000 0.98335 0.99192
22243.70000 0.97418 0.99355
22243.80000 0.97702 0.99567
22243.90000 0.98451 0.99754
22244.10000 0.99178 0.99932
22244.20000 0.99160 0.99953
22244.30000 0.98294 0.99960
22244.40000 0.98681 0.99961
22244.50000 0.99531 0.99962
22244.60000 0.98808 0.99962
22244.70000 0.98936 0.99961
22244.80000 0.70247 0.99958
22245.00000 0.96623 0.99920
22245.10000 0.99344 0.99858
22245.20000 0.99610 0.99755
22245.30000 0.99107 0.99624
22245.40000 0.99294 0.99506
22245.50000 0.98611 0.99448
22245.60000 0.97191 0.99471
22245.80000 0.96781 0.99698
22245.90000 0.96160 0.99817
22246.00000 0.97432 0.99897
22246.10000 0.95410 0.99937
22246.20000 0.92239 0.99952
22246.30000 0.93544 0.99957
22246.40000 0.98409 0.99959
22246.60000 0.99550 0.99959
22246.70000 0.99684 0.99959
22246.80000 0.98613 0.99958
22246.90000 0.99319 0.99958
22247.00000 0.98761 0.99958
22247.10000 0.99158 0.99957
22247.20000 0.98924 0.99957
22247.30000 0.99862 0.99956
22247.50000 0.99451 0.99955
22247.60000 0.98052 0.99954
22247.70000 0.95691 0.99954
22247.80000 0.94873 0.99953
22247.90000 0.94941 0.99953
22248.00000 0.96280 0.99952
22248.10000 0.97326 0.99951
22248.30000 0.98209 0.99950
22248.40000 0.98394 0.99949
22248.50000 0.98643 0.99948
22248.60000 0.99115 0.99947
22248.70000 0.99545 0.99946
22248.80000 1.00129 0.99945
22248.90000 1.00022 0.99944
22249.00000 0.99201 0.99943
22249.20000 0.98328 0.99941
22249.30000 0.97691 0.99940
22249.40000 0.98398 0.99938
22249.50000 1.00153 0.99937
22249.60000 1.01113 0.99936
22249.70000 1.01529 0.99934
22249.80000 1.01777 0.99933
22250.00000 1.01247 0.99930
22250.10000 1.00689 0.99928
22250.20000 1.00538 0.99926
22250.30000 0.99718 0.99924
22250.40000 0.99028 0.99922
22250.50000 0.98228 0.99919
22250.60000 0.97291 0.99915
22250.80000 0.96823 0.99890
22250.90000 0.97689 0.99834
22251.00000 0.92937 0.99696
22251.10000 0.99627 0.99426
22251.20000 0.99839 0.99031
22251.30000 0.99268 0.98600
22251.40000 0.98490 0.98273
22251.50000 0.97890 0.98160
22251.70000 0.97565 0.98637
22251.80000 0.96327 0.99064
22251.90000 0.95703 0.99441
22252.00000 0.95654 0.99687
22252.10000 0.99610 0.99806
22252.20000 1.00167 0.99848
22252.30000 1.00384 0.99857
22252.50000 0.99984 0.99852
22252.60000 0.99540 0.99847
22252.70000 0.99697 0.99841
22252.80000 0.99231 0.99834
22252.90000 0.98017 0.99827
22253.00000 0.97050 0.99819
22253.10000 0.97657 0.99811
22253.20000 0.98265 0.99802
22253.40000 0.98259 0.99782
22253.50000 0.98984 0.99770
22253.60000 0.99383 0.99758
22253.70000 1.00377 0.99745
22253.80000 0.99513 0.99731
22253.90000 0.98518 0.99716
22254.00000 0.98718 0.99698
22254.20000 0.97917 0.99657
22254.30000 0.98505 0.99633
22254.40000 0.98069 0.99606
22254.50000 0.99006 0.99575
22254.60000 0.99151 0.99540
22254.70000 0.99316 0.99500
22254.80000 0.99347 0.99455
22254.90000 0.99858 0.99402
22255.10000 0.99983 0.99271
22255.20000 1.00022 0.99186
22255.30000 0.98283 0.99083
22255.40000 0.97000 0.98955
22255.50000 0.96160 0.98795
22255.60000 0.94939 0.98589
22255.70000 0.94008 0.98316
22255.90000 0.92881 0.97411
22256.00000 0.92348 0.96683
22256.10000 0.89148 0.95728
22256.20000 0.87923 0.94554
22256.30000 0.88371 0.93215
22256.40000 0.88880 0.91802
22256.50000 0.89976 0.90442
22256.70000 0.89364 0.88418
22256.80000 0.89634 0.87911
22256.90000 0.89166 0.87695
22257.00000 0.89885 0.87648
22257.10000 0.89770 0.87648
22257.20000 0.90292 0.87640
22257.30000 0.91171 0.87666
22257.40000 0.91510 0.87841
22257.60000 0.91893 0.89084
22257.70000 0.92164 0.90196
22257.80000 0.93089 0.91516
22257.90000 0.92935 0.92903
22258.00000 0.93229 0.94227
22258.10000 0.92959 0.95391
22258.20000 0.93945 0.96334
22258.40000 0.93786 0.97534
22258.50000 0.92828 0.97856
22258.60000 0.89878 0.98053
22258.70000 0.89175 0.98152
22258.80000 0.89548 0.98165
22258.90000 0.91388 0.98083
22259.00000 0.92190 0.97878
22259.10000 0.91572 0.97505
22259.30000 0.90722 0.96030
22259.40000 0.91506 0.94874
22259.50000 0.92490 0.93512
22259.60000 0.93284 0.92093
22259.70000 0.91980 0.90795
22259.80000 0.91228 0.89769
22259.90000 0.90566 0.89092
22260.10000 0.90601 0.88643
22260.20000 0.89849 0.88751
22260.30000 0.91686 0.89066
22260.40000 0.91523 0.89606
22260.50000 0.92400 0.90382
22260.60000 0.94051 0.91380
22260.70000 0.90966 0.92546
22260.80000 0.90230 0.93782
22261.00000 0.91963 0.96050
22261.10000 0.92522 0.96950
22261.20000 0.94157 0.97656
22261.30000 0.95663 0.98155
22261.40000 0.97120 0.98429
22261.50000 0.97713 0.98450
22261.60000 0.98146 0.98220
22261.80000 0.98382 0.97407
22261.90000 0.98699 0.97132
22262.00000 0.98610 0.97074
22262.10000 0.98227 0.97241
22262.20000 0.98962 0.97584
22262.30000 0.98320 0.98013
22262.40000 0.97377 0.98436
22262.50000 0.95852 0.98810
22262.70000 0.95870 0.99355
22262.80000 0.95650 0.99461
22262.90000 0.95358 0.99412
22263.00000 0.97813 0.99224
22263.10000 0.99004 0.98967
22263.20000 0.97308 0.98745
22263.30000 0.95461 0.98642
22263.50000 0.96188 0.98898
22263.60000 0.97007 0.99179
22263.70000 0.97737 0.99451
22263.80000 0.97682 0.99646
22263.90000 0.97926 0.99754
22264.00000 0.97214 0.99801
22264.10000 0.96466 0.99820
22264.20000 0.96612 0.99829
22264.40000 0.97493 0.99838
22264.50000 0.98939 0.99840
22264.60000 0.99926 0.99842
22264.70000 1.00032 0.99843
22264.80000 0.97576 0.99844
22264.90000 0.97344 0.99843
22265.00000 0.97373 0.99841
22265.20000 0.99177 0.99832
22265.30000 0.99899 0.99824
22265.40000 0.99306 0.99814
22265.50000 0.99714 0.99799
22265.60000 1.00422 0.99777
22265.70000 1.01598 0.99738
22265.80000 0.99810 0.99651
22265.90000 0.98648 0.99430
22266.10000 0.95708 0.97901
22266.20000 0.98030 0.96331
22266.30000 0.96539 0.94371
22266.40000 0.94866 0.92386
22266.50000 0.93911 0.90762
22266.60000 0.90707 0.89750
22266.70000 0.90053 0.89422
22266.90000 0.90872 0.90603
22267.00000 0.92350 0.91980
22267.10000 0.91989 0.93728
22267.20000 0.92207 0.95600
22267.30000 0.93571 0.97277
22267.40000 0.93654 0.98505
22267.50000 0.95993 0.99229
22267.60000 0.97921 0.99576
22267.80000 0.98620 0.99779
22267.90000 0.97329 0.99811
22268.00000 0.96638 0.99831
22268.10000 0.96356 0.99846
22268.20000 0.96787 0.99858
22268.30000 0.95268 0.99867
22268.40000 0.93355 0.99874
22268.50000 0.93797 0.99879
22268.70000 0.95615 0.99885
22268.80000 0.96208 0.99887
22268.90000 0.95886 0.99889
22269.00000 0.93504 0.99890
22269.10000 0.92932 0.99891
22269.20000 0.92119 0.99892
22269.30000 0.93112 0.99892
22269.50000 0.94531 0.99891
22269.60000 0.96205 0.99890
22269.70000 0.97880 0.99889
22269.80000 0.98694 0.99887
22269.90000 0.98907 0.99886
22270.00000 0.97511 0.99883
22270.10000 0.94552 0.99880
22270.20000 0.91060 0.99877
22270.40000 0.91504 0.99868
22270.50000 0.94490 0.99864
22270.60000 0.97591 0.99859
22270.70000 0.97791 0.99853
22270.80000 0.98527 0.99846
22270.90000 0.98792 0.99837
22271.00000 0.97878 0.99827
22271.20000 0.98364 0.99804
22271.30000 0.98357 0.99792
22271.40000 0.98835 0.99778
22271.50000 0.98092 0.99763
22271.60000 0.93417 0.99745
22271.70000 0.97035 0.99722
22271.80000 0.97549 0.99694
22271.90000 0.97019 0.99659
22272.10000 0.96564 0.99559
22272.20000 0.94993 0.99486
22272.30000 0.93466 0.99385
22272.40000 0.92624 0.99228
22272.50000 0.91580 0.98944
22272.60000 0.90203 0.98380
22272.70000 0.89243 0.97317
22272.80000 0.88989 0.95602
22273.00000 0.89942 0.90691
22273.10000 0.89548 0.88214
22273.20000 0.88175 0.86277
22273.30000 0.86284 0.85128
22273.40000 0.85758 0.84781
22273.50000 0.85594 0.85071
22273.60000 0.86194 0.85754
22273.80000 0.87881 0.87240
22273.90000 0.89209 0.87668
22274.00000 0.89533 0.87867
22274.10000 0.88440 0.87873
22274.20000 0.86640 0.87631
22274.30000 0.85699 0.87071
22274.40000 0.86351 0.86246
22274.50000 0.87230 0.85387
22274.70000 0.88225 0.84741
22274.80000 0.89685 0.85465
22274.90000 0.90639 0.87028
22275.00000 0.90574 0.89276
22275.10000 0.89838 0.91859
22275.20000 0.89638 0.94346
22275.30000 0.90659 0.96369
22275.50000 0.91901 0.98538
22275.60000 0.93436 0.98923
22275.70000 0.94505 0.99066
22275.80000 0.94268 0.99050
22275.90000 0.93396 0.98932
22276.00000 0.92396 0.98783
22276.10000 0.92612 0.98690
22276.20000 0.93326 0.98713
22276.40000 0.94536 0.99061
22276.50000 0.94751 0.99248
22276.60000 0.94720 0.99339
22276.70000 0.95284 0.99309
22276.80000 0.96421 0.99194
22276.90000 0.97130 0.99053
22277.00000 0.97613 0.98937
22277.10000 0.98714 0.98869
22277.30000 0.99706 0.98860
22277.40000 0.99146 0.98877
22277.50000 0.99172 0.98890
22277.60000 0.99023 0.98903
22277.70000 0.98446 0.98920
22277.80000 0.97982 0.98939
22277.90000 0.96647 0.98954
22278.10000 0.95854 0.98956
22278.20000 0.95371 0.98949
22278.30000 0.95067 0.98948
22278.40000 0.95519 0.98965
22278.50000 0.95506 0.99009
22278.60000 0.96878 0.99082
22278.70000 0.98378 0.99179
22278.80000 0.99017 0.99288
22279.00000 0.99045 0.99499
22279.10000 0.99596 0.99586
22279.20000 0.99731 0.99658
22279.30000 1.00641 0.99714
22279.40000 1.00225 0.99757
22279.50000 1.00620 0.99787
22279.60000 0.99382 0.99803
22279.70000 0.98809 0.99796
22279.90000 0.96405 0.99661
22280.00000 0.95218 0.99532
22280.10000 0.94679 0.99405
22280.20000 0.95268 0.99330
22280.30000 0.96522 0.99340
22280.40000 0.97069 0.99428
22280.50000 0.98401 0.99548
22280.70000 0.98932 0.99579
22280.80000 0.99165 0.99399
22280.90000 0.98223 0.99144
22281.00000 0.96644 0.98916
22281.10000 0.95334 0.98808
22281.20000 0.94927 0.98858
22281.30000 0.96734 0.99054
22281.40000 0.97188 0.99330
22281.60000 0.96663 0.99787
22281.70000 0.93216 0.99888
22281.80000 0.91482 0.99930
22281.90000 0.92703 0.99944
22282.00000 0.95609 0.99949
22282.10000 0.96948 0.99952
22282.20000 0.96152 0.99953
22282.30000 0.97259 0.99955
22282.50000 0.97785 0.99957
22282.60000 0.98666 0.99958
22282.70000 0.99403 0.99959
22282.80000 0.99308 0.99960
22282.90000 0.98287 0.99961
22283.00000 0.97723 0.99962
22283.10000 0.97426 0.99962
22283.20000 0.97621 0.99963
22283.40000 0.97705 0.99964
22283.50000 0.96730 0.99965
22283.60000 0.93716 0.99965
22283.70000 0.89874 0.99965
22283.80000 0.89980 0.99966
22283.90000 0.92508 0.99966
22284.00000 0.94917 0.99966
22284.20000 0.96603 0.99967
22284.30000 0.97145 0.99967
22284.40000 0.96013 0.99966
22284.50000 0.95442 0.99966
22284.60000 0.93990 0.99966
22284.70000 0.93974 0.99965
22284.80000 0.95956 0.99963
22284.90000 0.95259 0.99960
22285.10000 0.95413 0.99910
22285.20000 0.95240 0.99797
22285.30000 0.95332 0.99542
22285.40000 0.96836 0.99102
22285.50000 0.97543 0.98534
22285.60000 0.98801 0.97999
22285.70000 0.98766 0.97675
22285.80000 0.98277 0.97673
22286.00000 0.97246 0.98522
22286.10000 0.96889 0.99081
22286.20000 0.97633 0.99508
22286.30000 0.98838 0.99747
22286.40000 0.99011 0.99837
22286.50000 0.97977 0.99847
22286.60000 0.97471 0.99828
22286.70000 0.98072 0.99806
22286.90000 0.98825 0.99787
22287.00000 0.97464 0.99792
22287.10000 0.97865 0.99801
22287.20000 0.98376 0.99808
22287.30000 1.00190 0.99811
22287.40000 1.00106 0.99811
22287.50000 1.00526 0.99810
22287.70000 0.99991 0.99800
22287.80000 0.99432 0.99771
22287.90000 0.99587 0.99691
22288.00000 0.98906 0.99526
22288.10000 0.99289 0.99272
22288.20000 0.98412 0.98984
22288.30000 0.96792 0.98755
22288.40000 0.96180 0.98667
22288.60000 0.96900 0.98983
22288.70000 0.99579 0.99292
22288.80000 1.00912 0.99581
22288.90000 1.00540 0.99785
22289.00000 1.00066 0.99895
22289.10000 1.00131 0.99941
22289.20000 0.99301 0.99958
22289.30000 0.98417 0.99965
22289.50000 0.97791 0.99970
22289.60000 0.97355 0.99972
22289.70000 0.98817 0.99973
22289.80000 0.99372 0.99974
22289.90000 0.99184 0.99975
22290.00000 0.97971 0.99975
22290.10000 0.96766 0.99976
22290.20000 0.94300 0.99977
22290.40000 0.93500 0.99978
22290.50000 0.94461 0.99978
22290.60000 0.96944 0.99979
22290.70000 0.98895 0.99979
22290.80000 0.99371 0.99979
22290.90000 0.99025 0.99979
22291.00000 0.97921 0.99979
22291.10000 0.98183 0.99979
22291.30000 0.98254 0.99979
22291.40000 0.98043 0.99980
22291.50000 0.98268 0.99980
22291.60000 0.99491 0.99980
22291.70000 0.97748 0.99980
22291.80000 0.96915 0.99980
22291.90000 0.95829 0.99980
22292.00000 0.97177 0.99980
22292.20000 0.96965 0.99980
22292.30000 0.96291 0.99980
22292.40000 0.95056 0.99980
22292.50000 0.94964 0.99980
22292.60000 0.96533 0.99980
22292.70000 0.97979 0.99980
22292.80000 0.99124 0.99979
22293.00000 0.99652 0.99979
22293.10000 1.00115 0.99978
22293.20000 0.97504 0.99977
22293.30000 0.98771 0.99976
22293.40000 0.98100 0.99972
22293.50000 0.97191 0.99961
22293.60000 0.97161 0.99931
22293.70000 0.97127 0.99858
22293.90000 0.98760 0.99521
22294.00000 0.98965 0.99319
22294.10000 0.99210 0.99187
22294.20000 0.99395 0.99175
22294.30000 0.98289 0.99291
22294.40000 0.98846 0.99486
22294.50000 0.97570 0.99687
22294.60000 0.96280 0.99836
22294.80000 0.95945 0.99951
22294.90000 0.95500 0.99961
22295.00000 0.96459 0.99959
22295.10000 0.98333 0.99946
22295.20000 0.99417 0.99908
22295.30000 0.99151 0.99829
22295.40000 0.98133 0.99704
22295.50000 0.97134 0.99561
22295.70000 0.95037 0.99402
22295.80000 0.95263 0.99446
22295.90000 0.94791 0.99559
22296.00000 0.93853 0.99696
22296.10000 0.93197 0.99809
22296.20000 0.93702 0.99876
22296.30000 0.95090 0.99898
22296.40000 0.96549 0.99878
22296.60000 0.97167 0.99712
22296.70000 0.97686 0.99578
22296.80000 0.97152 0.99449
22296.90000 0.96704 0.99361
22297.00000 0.96129 0.99335
22297.10000 0.97245 0.99363
22297.20000 0.98321 0.99416
22297.30000 0.98919 0.99461
22297.50000 0.98895 0.99482
22297.60000 0.99296 0.99482
22297.70000 0.98970 0.99490
22297.80000 0.98953 0.99507
22297.90000 0.96986 0.99529
22298.00000 0.96495 0.99548
22298.10000 0.97083 0.99560
22298.20000 0.97578 0.99565
22298.40000 0.98424 0.99565
22298.50000 0.99249 0.99565
22298.60000 0.99856 0.99560
22298.70000 1.00332 0.99547
22298.80000 1.00074 0.99528
22298.90000 0.99806 0.99507
22299.00000 0.98408 0.99492
22299.10000 0.97994 0.99490
22299.30000 0.97643 0.99549
22299.40000 0.96980 0.99606
22299.50000 0.95912 0.99671
22299.60000 0.94070 0.99733
22299.70000 0.92742 0.99785
22299.80000 0.95229 0.99820
22299.90000 0.97540 0.99832
22300.00000 0.99011 0.99811
22300.20000 0.98663 0.99674
22300.30000 0.98321 0.99598
22300.40000 0.99168 0.99560
22300.50000 1.00194 0.99579
22300.60000 0.99471 0.99649
22300.70000 1.00153 0.99746
22300.80000 1.00016 0.99838
22300.90000 0.98885 0.99903
22301.10000 0.98794 0.99953
22301.20000 0.98809 0.99958
22301.30000 0.99355 0.99961
22301.40000 1.00037 0.99963
22301.50000 1.01215 0.99963
22301.60000 1.00710 0.99962
22301.70000 1.00019 0.99958
22301.80000 0.99697 0.99942
22302.00000 1.00090 0.99786
22302.10000 0.99674 0.99608
22302.20000 1.00021 0.99390
22302.30000 1.00396 0.99205
22302.40000 1.00449 0.99124
22302.50000 0.99550 0.99180
22302.60000 0.97827 0.99350
22302.70000 0.97989 0.99568
22302.90000 0.98638 0.99880
22303.00000 0.98487 0.99939
22303.10000 0.98566 0.99961
22303.20000 0.99067 0.99968
22303.30000 0.99441 0.99971
22303.40000 0.99153 0.99972
22303.50000 0.98349 0.99972
22303.60000 0.98582 0.99972
22303.80000 0.98069 0.99972
22303.90000 0.98005 0.99972
22304.00000 0.98321 0.99972
22304.10000 0.96823 0.99971
22304.20000 0.96348 0.99971
22304.30000 0.96582 0.99971
22304.40000 0.97175 0.99970
22304.50000 0.97726 0.99969
22304.70000 0.98627 0.99968
22304.80000 0.99983 0.99967
22304.90000 0.99309 0.99965
22305.00000 0.99642 0.99960
22305.10000 0.98946 0.99949
22305.20000 0.98006 0.99923
22305.30000 0.97734 0.99872
22305.40000 0.96995 0.99796
22305.60000 0.95874 0.99646
22305.70000 0.95238 0.99618
22305.80000 0.96209 0.99637
22305.90000 0.97390 0.99696
22306.00000 0.99154 0.99772
22306.10000 0.98914 0.99835
22306.20000 0.99569 0.99853
22306.30000 0.99961 0.99796
22306.50000 0.98844 0.99389
22306.60000 0.97972 0.99098
22306.70000 0.96312 0.98857
22306.80000 0.96049 0.98743
22306.90000 0.96361 0.98782
22307.00000 0.97126 0.98948
22307.10000 0.97627 0.99165
22307.20000 0.98167 0.99342
22307.40000 0.99047 0.99443
22307.50000 0.97759 0.99435
22307.60000 0.96426 0.99448
22307.70000 0.94928 0.99492
22307.80000 0.94527 0.99559
22307.90000 0.95106 0.99624
22308.00000 0.96107 0.99669
22308.10000 0.96467 0.99687
22308.30000 0.95863 0.99664
22308.40000 0.95744 0.99635
22308.50000 0.94871 0.99594
22308.60000 0.95365 0.99526
22308.70000 0.95170 0.99397
22308.80000 0.95326 0.99122
22308.90000 0.94470 0.98514
22309.00000 0.94315 0.97329
22309.20000 0.94473 0.93098
22309.30000 0.94539 0.90818
22309.40000 0.95524 0.89338
22309.50000 0.95974 0.89204
22309.60000 0.95195 0.90414
22309.70000 0.95026 0.92425
22309.80000 0.94172 0.94524
22309.90000 0.94606 0.96157
22310.00000 0.94106 0.97025
22310.20000 0.96842 0.96382
22310.30000 1.00302 0.95159
22310.40000 0.99532 0.93672
22310.50000 0.96443 0.92307
22310.60000 0.91720 0.91523
22310.70000 0.89930 0.91627
22310.80000 0.90461 0.92564
22310.90000 0.92217 0.93986
22311.10000 0.93040 0.96674
22311.20000 0.94333 0.97219
22311.30000 0.94802 0.96862
22311.40000 0.95447 0.95535
22311.50000 0.95048 0.93470
22311.60000 0.94339 0.91219
22311.70000 0.94195 0.89548
22311.80000 0.94974 0.89142
22312.00000 0.95284 0.92299
22312.10000 0.95274 0.94700
22312.20000 0.95744 0.96766
22312.30000 0.94942 0.98170
22312.40000 0.93700 0.98930
22312.50000 0.92731 0.99273
22312.60000 0.92807 0.99421
22312.70000 0.94217 0.99502
22312.90000 0.94728 0.99641
22313.00000 0.96105 0.99719
22313.10000 0.94458 0.99789
22313.20000 0.97360 0.99841
22313.30000 0.97508 0.99873
22313.40000 0.98664 0.99891
22313.50000 0.98721 0.99903
22313.60000 0.98242 0.99912
22313.80000 0.98770 0.99925
22313.90000 0.97467 0.99930
22314.00000 0.96740 0.99935
22314.10000 0.95786 0.99940
22314.20000 0.95735 0.99943
22314.30000 0.95402 0.99947
22314.40000 0.96232 0.99950
22314.50000 0.96678 0.99952
22314.60000 0.97433 0.99955
22314.80000 0.97843 0.99959
22314.90000 0.98500 0.99960
22315.00000 0.98730 0.99962
22315.10000 0.99318 0.99964
22315.20000 0.98427 0.99965
22315.30000 0.98220 0.99967
22315.40000 0.98025 0.99968
22315.50000 0.97368 0.99969
22315.70000 0.98161 0.99971
22315.80000 0.97991 0.99972
22315.90000 0.99035 0.99973
22316.00000 0.98491 0.99974
22316.10000 0.97475 0.99974
22316.20000 0.98037 0.99975
22316.30000 0.98335 0.99976
22316.40000 0.98226 0.99977
22316.60000 0.96793 0.99978
22316.70000 0.95578 0.99978
22316.80000 0.95954 0.99979
22316.90000 0.97354 0.99979
22317.00000 0.97467 0.99980
22317.10000 0.98327 0.99980
22317.20000 0.98247 0.99981
22317.30000 1.00198 0.99981
22317.50000 0.99643 0.99982
22317.60000 0.98914 0.99982
22317.70000 1.03683 0.99982
22317.80000 1.04007 0.99983
22317.90000 1.02211 0.99983
22318.00000 1.01566 0.99983
22318.10000 1.01706 0.99983
22318.20000 0.99992 0.99984
22318.30000 0.97473 0.99984
22318.50000 0.98934 0.99984
22318.60000 0.99285 0.99984
22318.70000 0.97948 0.99984
22318.80000 0.98329 0.99984
22318.90000 0.99854 0.99983
22319.00000 0.99007 0.99983
22319.10000 0.96673 0.99981
22319.20000 0.95756 0.99978
22319.40000 0.97505 0.99937
22319.50000 0.98482 0.99849
22319.60000 0.98233 0.99649
22319.70000 0.97877 0.99305
22319.80000 0.98358 0.98860
22319.90000 0.99173 0.98440
22320.00000 1.00144 0.98186
22320.10000 0.99867 0.98183
22320.30000 0.99095 0.98851
22320.40000 0.97761 0.99298
22320.50000 0.97964 0.99646
22320.60000 0.98735 0.99849
22320.70000 0.99686 0.99938
22320.80000 1.00514 0.99967
22320.90000 0.99592 0.99968
22321.00000 0.98425 0.99948
22321.10000 0.97862 0.99903
22321.30000 0.98272 0.99737
22321.40000 0.98242 0.99655
22321.50000 0.99264 0.99614
22321.60000 0.99825 0.99628
22321.70000 0.99823 0.99692
22321.80000 0.99792 0.99784
22321.90000 0.99821 0.99871
22322.00000 0.99279 0.99932
22322.20000 0.99948 0.99981
22322.30000 1.00472 0.99986
22322.40000 0.99259 0.99987
22322.50000 0.98348 0.99988
22322.60000 0.97041 0.99989
22322.70000 0.96787 0.99989
22322.80000 0.94638 0.99989
22322.90000 0.94582 0.99989
22323.00000 0.97234 0.99989
22323.20000 0.96937 0.99990
22323.30000 0.95741 0.99990
22323.40000 0.94760 0.99990
22323.50000 0.96242 0.99990
22323.60000 0.97598 0.99990
22323.70000 0.97565 0.99990
22323.80000 0.95780 0.99990
22323.90000 0.93360 0.99990
22324.10000 0.93149 0.99990
22324.20000 0.95736 0.99990
22324.30000 0.82569 0.99990
22324.40000 0.97669 0.99990
22324.50000 0.97618 0.99990
22324.60000 0.97728 0.99990
22324.70000 0.99254 0.99990
22324.80000 0.97800 0.99990
22325.00000 0.97357 0.99990
22325.10000 0.98334 0.99991
22325.20000 0.98653 0.99990
22325.30000 0.99468 0.99990
22325.40000 0.99591 0.99990
22325.50000 0.99999 0.99990
22325.60000 0.99913 0.99990
22325.70000 0.99298 0.99990
22325.80000 0.97580 0.99990
22326.00000 0.96793 0.99989
22326.10000 0.97206 0.99989
22326.20000 0.98668 0.99988
22326.30000 0.99578 0.99987
22326.40000 0.99155 0.99986
22326.50000 0.98806 0.99980
22326.60000 0.99058 0.99962
22326.70000 0.99011 0.99903
22326.90000 0.98971 0.99463
22327.00000 0.98078 0.99046
22327.10000 0.97492 0.98599
22327.20000 0.97624 0.98268
22327.30000 0.97875 0.98165
22327.40000 0.97817 0.98323
22327.50000 0.97678 0.98691
22327.60000 0.94374 0.99143
22327.70000 0.93994 0.99537
22327.90000 0.90202 0.99920
22328.00000 0.88074 0.99967
22328.10000 0.89226 0.99981
22328.20000 0.89965 0.99986
22328.30000 0.91852 0.99988
22328.40000 0.94753 0.99989
22328.50000 0.96942 0.99989
22328.60000 1.00337 0.99990
22328.70000 0.83546 0.99990
22328.90000 1.04151 0.99990
22329.00000 1.00680 0.99991
22329.10000 0.98877 0.99991
22329.20000 0.99480 0.99991
22329.30000 0.99367 0.99991
22329.40000 0.98769 0.99991
22329.50000 0.99363 0.99991
22329.60000 0.98922 0.99991
22329.80000 0.99270 0.99991
22329.90000 1.00301 0.99991
22330.00000 0.96105 0.99991
22330.10000 0.99418 0.99991
22330.20000 0.99059 0.99991
22330.30000 0.99200 0.99990
22330.40000 0.99080 0.99990
22330.50000 0.99530 0.99990
22330.60000 1.02440 0.99989
22330.80000 1.01064 0.99984
22330.90000 0.98241 0.99971
22331.00000 1.00756 0.99929
22331.10000 1.00705 0.99825
22331.20000 0.99140 0.99625
22331.30000 0.97133 0.99338
22331.40000 0.94529 0.99031
22331.50000 0.94476 0.98806
22331.70000 0.93372 0.98847
22331.80000 0.94520 0.99099
22331.90000 0.95750 0.99408
22332.00000 0.96881 0.99678
22332.10000 0.97939 0.99853
22332.20000 0.96071 0.99939
22332.30000 0.95839 0.99972
22332.40000 0.94577 0.99984
22332.50000 0.95417 0.99987
22332.70000 0.97431 0.99989
22332.80000 0.98903 0.99990
22332.90000 0.99349 0.99990
22333.00000 0.98473 0.99990
22333.10000 0.96761 0.99990
22333.20000 0.95796 0.99990
22333.30000 0.96281 0.99990
22333.40000 0.98333 0.99990
22333.50000 0.99276 0.99990
22333.70000 0.98633 0.99989
22333.80000 0.98030 0.99988
22333.90000 0.96933 0.99986
22334.00000 0.96644 0.99982
22334.10000 0.96567 0.99970
22334.20000 0.97596 0.99934
22334.30000 0.97440 0.99834
22334.40000 0.98177 0.99612
22334.60000 0.98501 0.98761
22334.70000 0.98324 0.98320
22334.80000 0.98794 0.98061
22334.90000 1.00002 0.98071
22335.00000 0.99468 0.98348
22335.10000 0.99697 0.98793
22335.20000 0.99292 0.99247
22335.30000 0.86493 0.99562
22335.40000 0.97250 0.99682
22335.60000 0.96958 0.99569
