22071.00000 1.02257 0.99115 0.99350
22071.10000 0.97240 0.98990 0.99259
22071.10000 0.98575 0.98990 0.99259
22071.20000 0.98023 0.98824 0.99136
22071.20000 0.96537 0.98824 0.99136
22071.40000 0.96477 0.98525 0.98923
22071.50000 0.96723 0.98479 0.98902
22071.50000 0.96464 0.98479 0.98902
22071.60000 0.96374 0.98514 0.98943
22071.70000 0.96025 0.98602 0.99017
22071.80000 0.96917 0.98695 0.99077
22071.90000 0.98249 0.98759 0.99081
22072.00000 0.98405 0.98785 0.99018
22072.00000 0.98319 0.98785 0.99018
22072.10000 0.99155 0.98789 0.98899
22072.20000 0.96931 0.98785 0.98744
22072.20000 0.95546 0.98785 0.98744
22072.40000 0.95552 0.98770 0.98432
22072.50000 0.94619 0.98758 0.98340
22072.50000 0.94854 0.98758 0.98340
22072.60000 0.95558 0.98742 0.98323
22072.70000 0.95457 0.98722 0.98385
22072.80000 0.96522 0.98703 0.98504
22072.90000 0.97732 0.98688 0.98642
22073.00000 0.98660 0.98680 0.98760
22073.00000 0.98213 0.98680 0.98760
22073.10000 0.99195 0.98682 0.98839
22073.20000 0.98211 0.98694 0.98888
22073.20000 0.96005 0.98694 0.98888
22073.40000 0.95426 0.98739 0.98961
22073.50000 0.94525 0.98767 0.99010
22073.60000 0.94168 0.98795 0.99068
22073.60000 0.96591 0.98795 0.99068
22073.70000 0.96294 0.98823 0.99127
22073.80000 0.97164 0.98850 0.99176
22073.90000 0.98640 0.98876 0.99211
22074.00000 0.97293 0.98900 0.99230
22074.10000 0.96775 0.98918 0.99235
22074.10000 0.97036 0.98918 0.99235
22074.20000 0.99515 0.98919 0.99218
22074.20000 1.01128 0.98919 0.99218
22074.40000 0.99936 0.98802 0.99082
22074.50000 1.00162 0.98676 0.98963
22074.60000 1.00034 0.98548 0.98845
22074.70000 0.98583 0.98469 0.98770
22074.70000 0.95961 0.98469 0.98770
22074.80000 0.93688 0.98474 0.98763
22074.90000 0.94326 0.98561 0.98824
22075.00000 0.95355 0.98696 0.98926
22075.10000 0.97241 0.98826 0.99029
22075.20000 0.98244 0.98914 0.99100
22075.20000 0.98533 0.98914 0.99100
22075.20000 0.98344 0.98914 0.99100
22075.40000 0.99428 0.98958 0.99141
22075.50000 1.00346 0.98946 0.99133
22075.60000 1.00925 0.98927 0.99120
22075.70000 1.00645 0.98904 0.99104
22075.80000 0.99578 0.98879 0.99087
22075.90000 1.00937 0.98851 0.99069
22076.00000 0.98099 0.98824 0.99050
22076.00000 0.99491 0.98824 0.99050
22076.10000 0.98638 0.98796 0.99029
22076.20000 0.97950 0.98768 0.99008
22076.20000 0.96405 0.98768 0.99008
22076.40000 0.96773 0.98705 0.98961
22076.50000 0.96239 0.98670 0.98935
22076.60000 0.97218 0.98634 0.98906
22076.60000 0.97567 0.98634 0.98906
22076.70000 0.96529 0.98598 0.98875
22076.80000 0.97492 0.98563 0.98840
22076.90000 0.96961 0.98529 0.98798
22077.00000 0.98514 0.98494 0.98747
22077.10000 0.99945 0.98456 0.98686
22077.20000 0.99410 0.98415 0.98619
22077.20000 0.99120 0.98415 0.98619
22077.20000 0.97668 0.98415 0.98619
22077.40000 0.98033 0.98325 0.98496
22077.50000 0.96992 0.98277 0.98455
22077.60000 0.95660 0.98226 0.98432
22077.70000 0.94642 0.98174 0.98421
22077.80000 0.94656 0.98117 0.98413
22077.90000 0.95976 0.98056 0.98400
22078.00000 0.96500 0.97990 0.98376
22078.10000 0.97176 0.97919 0.98341
22078.10000 0.98289 0.97919 0.98341
22078.20000 0.97956 0.97846 0.98297
22078.20000 0.99625 0.97846 0.98297
22078.40000 0.96296 0.97688 0.98189
22078.50000 0.96863 0.97600 0.98127
22078.60000 0.95526 0.97502 0.98060
22078.70000 0.94475 0.97392 0.97988
22078.80000 0.93763 0.97269 0.97908
22078.90000 0.94427 0.97132 0.97821
22078.90000 0.96210 0.97132 0.97821
22079.00000 0.96801 0.96979 0.97725
22079.10000 0.95841 0.96807 0.97615
22079.20000 0.95746 0.96620 0.97486
22079.20000 0.95267 0.96620 0.97486
22079.40000 0.94858 0.96227 0.97107
22079.50000 0.94315 0.96039 0.96834
22079.60000 0.95874 0.95862 0.96521
22079.70000 0.96896 0.95689 0.96216
22079.80000 0.97540 0.95507 0.95979
22079.80000 0.98477 0.95507 0.95979
22079.90000 0.99340 0.95306 0.95844
22080.00000 0.98463 0.95085 0.95812
22080.10000 0.98695 0.94852 0.95841
22080.20000 0.97304 0.94618 0.95870
22080.20000 0.96648 0.94618 0.95870
22080.40000 0.95226 0.94153 0.95764
22080.50000 0.93451 0.93903 0.95618
22080.60000 0.92431 0.93624 0.95426
22080.70000 0.93872 0.93303 0.95201
22080.70000 0.94548 0.93303 0.95201
22080.80000 0.93576 0.92935 0.94947
22080.90000 0.94016 0.92518 0.94666
22081.00000 0.93759 0.92052 0.94359
22081.10000 0.92356 0.91535 0.94023
22081.20000 0.93435 0.90967 0.93658
22081.20000 0.91620 0.90967 0.93658
22081.40000 0.89656 0.89659 0.92828
22081.50000 0.87919 0.88912 0.92357
22081.60000 0.87441 0.88095 0.91845
22081.70000 0.87185 0.87201 0.91288
22081.80000 0.89076 0.86218 0.90683
22081.80000 0.87796 0.86218 0.90683
22081.90000 0.87530 0.85136 0.90025
22082.00000 0.85708 0.83953 0.89311
22082.10000 0.84879 0.82689 0.88539
22082.20000 0.83187 0.81377 0.87705
22082.20000 0.82772 0.81377 0.87705
22082.40000 0.81401 0.78751 0.85842
22082.50000 0.79004 0.77471 0.84810
22082.60000 0.79021 0.76205 0.83710
22082.70000 0.77313 0.74957 0.82538
22082.80000 0.74579 0.73764 0.81289
22082.90000 0.73383 0.72714 0.79946
22083.00000 0.73013 0.71943 0.78480
22083.00000 0.70302 0.71943 0.78480
22083.10000 0.69624 0.71581 0.76864
22083.20000 0.71235 0.71674 0.75109
22083.20000 0.70752 0.71674 0.75109
22083.40000 0.72997 0.72854 0.71620
22083.50000 0.75001 0.73540 0.70275
22083.60000 0.75773 0.73981 0.69486
22083.70000 0.75474 0.74031 0.69398
22083.80000 0.74701 0.73676 0.70028
22083.90000 0.73167 0.73030 0.71258
22084.00000 0.71806 0.72312 0.72882
22084.10000 0.70914 0.71761 0.74676
22084.20000 0.71538 0.71564 0.76455
22084.20000 0.72861 0.71564 0.76455
22084.40000 0.73717 0.72500 0.79608
22084.50000 0.74190 0.73497 0.80979
22084.50000 0.75406 0.73497 0.80979
22084.60000 0.77762 0.74667 0.82249
22084.70000 0.79111 0.75908 0.83438
22084.80000 0.80812 0.77171 0.84556
22084.90000 0.83341 0.78448 0.85605
22085.00000 0.84264 0.79747 0.86586
22085.10000 0.84749 0.81067 0.87501
22085.20000 0.85795 0.82386 0.88351
22085.20000 0.88179 0.82386 0.88351
22085.40000 0.86898 0.84872 0.89868
22085.50000 0.89332 0.85982 0.90540
22085.60000 0.89133 0.86991 0.91159
22085.70000 0.90500 0.87909 0.91730
22085.80000 0.90985 0.88749 0.92254
22085.90000 0.92932 0.89520 0.92737
22086.00000 0.92191 0.90228 0.93180
22086.10000 0.92246 0.90878 0.93589
22086.20000 0.92739 0.91475 0.93965
22086.20000 0.93133 0.91475 0.93965
22086.40000 0.93731 0.92521 0.94633
22086.50000 0.94326 0.92975 0.94929
22086.60000 0.95582 0.93389 0.95201
22086.60000 0.95338 0.93389 0.95201
22086.70000 0.95975 0.93767 0.95453
22086.80000 0.96747 0.94116 0.95685
22086.90000 0.96206 0.94439 0.95900
22087.00000 0.97411 0.94738 0.96099
22087.10000 0.97079 0.95008 0.96280
22087.20000 0.97523 0.95239 0.96435
22087.20000 0.97614 0.95239 0.96435
22087.40000 0.97524 0.95513 0.96589
22087.50000 0.97948 0.95543 0.96568
22087.60000 0.97974 0.95546 0.96514
22087.70000 0.98284 0.95590 0.96480
22087.80000 0.98741 0.95729 0.96516
22087.90000 0.97224 0.95974 0.96644
22088.00000 0.97618 0.96286 0.96847
22088.10000 0.96912 0.96600 0.97084
22088.20000 0.96466 0.96849 0.97305
22088.20000 0.96378 0.96849 0.97305
22088.40000 0.96639 0.97043 0.97564
22088.50000 0.97369 0.96994 0.97569
22088.60000 0.97071 0.96897 0.97517
22088.70000 0.95705 0.96821 0.97468
22088.80000 0.95501 0.96826 0.97487
22088.90000 0.93218 0.96932 0.97600
22089.00000 0.93911 0.97104 0.97792
22089.10000 0.95332 0.97266 0.98008
22089.20000 0.97236 0.97349 0.98194
22089.20000 0.97212 0.97349 0.98194
22089.40000 0.98197 0.97219 0.98393
22089.50000 0.98853 0.97075 0.98433
22089.60000 0.97841 0.96942 0.98452
22089.70000 0.97833 0.96858 0.98453
22089.80000 0.96475 0.96852 0.98429
22089.90000 0.95775 0.96927 0.98363
22090.00000 0.97408 0.97053 0.98234
22090.10000 0.96881 0.97161 0.98025
22090.20000 0.97276 0.97172 0.97749
22090.20000 0.96351 0.97172 0.97749
22090.40000 0.97833 0.96803 0.97258
22090.50000 0.97244 0.96547 0.97191
22090.60000 0.95765 0.96400 0.97288
22090.70000 0.95820 0.96436 0.97515
22090.80000 0.98120 0.96631 0.97786
22090.90000 0.98141 0.96882 0.97958
22091.00000 0.98439 0.97080 0.97846
22091.10000 0.99436 0.97176 0.97268
22091.20000 0.99437 0.97177 0.96182
22091.20000 0.99262 0.97177 0.96182
22091.40000 0.99320 0.97056 0.93689
22091.50000 0.98257 0.97055 0.93195
22091.60000 0.96870 0.97167 0.93551
22091.70000 0.96544 0.97373 0.94645
22091.80000 0.95217 0.97604 0.96094
22091.90000 0.97484 0.97786 0.97423
22092.00000 0.98997 0.97860 0.98333
22092.10000 0.99830 0.97799 0.98818
22092.20000 1.00270 0.97639 0.99038
22092.20000 0.98171 0.97639 0.99038
22092.40000 0.96523 0.97462 0.99194
22092.50000 0.96141 0.97624 0.99234
22092.60000 0.96142 0.97926 0.99265
22092.70000 0.94833 0.98251 0.99292
22092.80000 0.94258 0.98479 0.99315
22092.90000 0.94213 0.98555 0.99337
22093.00000 0.94970 0.98506 0.99356
22093.10000 0.95203 0.98406 0.99373
22093.20000 0.98042 0.98332 0.99388
22093.20000 0.98594 0.98332 0.99388
22093.40000 0.98506 0.98435 0.99415
22093.50000 0.99026 0.98606 0.99428
22093.60000 0.99215 0.98810 0.99440
22093.70000 0.98583 0.99006 0.99452
22093.80000 0.98857 0.99164 0.99464
22093.90000 0.97160 0.99272 0.99476
22093.90000 0.97007 0.99272 0.99476
22094.00000 0.98750 0.99337 0.99487
22094.20000 0.99042 0.99397 0.99506
22094.20000 0.99161 0.99397 0.99506
22094.40000 0.99406 0.99428 0.99524
22094.50000 0.98640 0.99440 0.99532
22094.60000 0.98299 0.99452 0.99541
22094.70000 0.98312 0.99463 0.99549
22094.90000 0.97039 0.99482 0.99564
22095.00000 0.97390 0.99491 0.99572
22095.10000 0.97448 0.99500 0.99579
22095.20000 0.99629 0.99509 0.99585
22095.20000 1.01009 0.99509 0.99585
22095.40000 1.00215 0.99525 0.99599
22095.50000 0.98782 0.99532 0.99605
22095.60000 0.98240 0.99540 0.99611
22095.70000 0.95430 0.99547 0.99617
22095.80000 0.95063 0.99554 0.99623
22095.80000 0.98222 0.99554 0.99623
22095.90000 0.99656 0.99560 0.99629
22096.10000 1.01583 0.99572 0.99639
22096.20000 1.00082 0.99577 0.99644
22096.20000 0.98900 0.99577 0.99644
22096.40000 0.99566 0.99587 0.99654
22096.50000 0.99583 0.99590 0.99659
22096.60000 0.99393 0.99592 0.99663
22096.70000 0.99839 0.99592 0.99668
22096.80000 0.98376 0.99590 0.99672
22096.90000 0.97894 0.99587 0.99676
22097.00000 0.96517 0.99583 0.99679
22097.20000 0.94559 0.99580 0.99685
22097.20000 0.92767 0.99580 0.99685
22097.40000 0.93376 0.99585 0.99689
22097.40000 0.93852 0.99585 0.99689
22097.50000 0.96254 0.99583 0.99689
22097.70000 0.96686 0.99544 0.99666
22097.80000 0.98467 0.99486 0.99626
22097.80000 0.97295 0.99486 0.99626
22098.00000 0.97960 0.99296 0.99476
22098.10000 0.96139 0.99212 0.99402
22098.20000 0.94888 0.99176 0.99356
22098.20000 0.93463 0.99176 0.99356
22098.40000 0.95085 0.99256 0.99347
22098.50000 0.96432 0.99304 0.99323
22098.60000 0.97483 0.99302 0.99246
22098.70000 0.98569 0.99245 0.99131
22098.90000 0.98883 0.99134 0.98988
22099.00000 0.99056 0.99160 0.99040
22099.10000 0.99290 0.99246 0.99174
22099.20000 0.98079 0.99360 0.99344
22099.20000 0.99073 0.99360 0.99344
22099.40000 0.98230 0.99529 0.99610
22099.40000 0.98286 0.99529 0.99610
22099.60000 0.97209 0.99581 0.99710
22099.70000 0.97918 0.99594 0.99729
22099.80000 0.98434 0.99609 0.99741
22099.80000 0.99842 0.99609 0.99741
22100.00000 0.98586 0.99645 0.99757
22100.10000 0.98101 0.99661 0.99762
22100.20000 0.97583 0.99672 0.99767
22100.40000 0.98315 0.99682 0.99772
22100.50000 0.99750 0.99679 0.99771
22100.60000 0.99255 0.99665 0.99756
22100.70000 0.97962 0.99618 0.99711
22100.80000 0.96550 0.99514 0.99614
22100.90000 0.95453 0.99343 0.99461
22100.90000 0.98409 0.99343 0.99461
22101.00000 0.99672 0.99141 0.99282
22101.10000 0.99619 0.98981 0.99140
22101.20000 0.98288 0.98930 0.99093
22101.40000 0.99002 0.99195 0.99315
22101.50000 0.98165 0.99411 0.99498
22101.60000 1.00019 0.99589 0.99651
22101.70000 0.99551 0.99698 0.99743
22101.80000 0.98731 0.99747 0.99785
22101.90000 0.98045 0.99766 0.99801
22102.00000 0.98547 0.99773 0.99807
22102.10000 0.95568 0.99777 0.99810
22102.20000 0.95584 0.99779 0.99812
22102.40000 0.93745 0.99783 0.99815
22102.40000 0.91124 0.99783 0.99815
22102.70000 0.90705 0.99788 0.99819
22102.70000 0.94421 0.99788 0.99819
22102.80000 0.96644 0.99789 0.99820
22102.90000 0.99479 0.99791 0.99821
22103.00000 0.99786 0.99792 0.99822
22103.10000 0.98603 0.99793 0.99823
22103.20000 0.93696 0.99794 0.99824
22103.20000 0.89314 0.99794 0.99824
22103.40000 0.89927 0.99796 0.99826
22103.60000 0.94030 0.99798 0.99827
22103.80000 0.95219 0.99799 0.99829
22103.80000 0.96601 0.99799 0.99829
22103.90000 0.98415 0.99800 0.99829
22104.00000 1.00810 0.99800 0.99830
22104.20000 0.99285 0.99801 0.99830
22104.20000 0.97582 0.99801 0.99830
22104.40000 0.95761 0.99799 0.99829
22104.40000 0.95393 0.99799 0.99829
22104.60000 0.96538 0.99783 0.99815
22104.70000 0.95499 0.99751 0.99788
22104.80000 0.96562 0.99690 0.99735
22104.90000 0.97555 0.99599 0.99658
22105.00000 0.97475 0.99502 0.99575
22105.10000 0.97572 0.99433 0.99516
22105.20000 0.97448 0.99419 0.99504
22105.40000 0.98737 0.99554 0.99619
22105.40000 0.95591 0.99554 0.99619
22105.60000 0.95297 0.99724 0.99764
22105.80000 0.95646 0.99783 0.99816
22105.80000 0.96869 0.99783 0.99816
22105.90000 0.97942 0.99787 0.99821
22106.10000 0.97881 0.99786 0.99820
22106.20000 0.98305 0.99783 0.99818
22106.20000 0.97609 0.99783 0.99818
22106.20000 0.97534 0.99783 0.99818
22106.50000 0.97453 0.99773 0.99811
22106.60000 0.96976 0.99769 0.99808
22106.70000 0.97509 0.99764 0.99805
22106.80000 0.96551 0.99759 0.99801
22106.90000 0.96083 0.99753 0.99797
22107.00000 0.96439 0.99745 0.99792
22107.10000 0.97086 0.99737 0.99787
22107.40000 0.97571 0.99704 0.99767
22107.40000 0.98807 0.99704 0.99767
22107.50000 0.97649 0.99689 0.99758
22107.70000 0.98038 0.99650 0.99737
22107.80000 0.96449 0.99625 0.99724
22107.80000 0.96851 0.99625 0.99724
22107.90000 0.95605 0.99594 0.99709
22108.00000 0.94864 0.99555 0.99691
22108.20000 0.92882 0.99442 0.99644
22108.20000 0.92690 0.99442 0.99644
22108.40000 0.93334 0.99267 0.99584
22108.50000 0.95163 0.99159 0.99546
22108.60000 0.95030 0.99046 0.99496
22108.70000 0.95246 0.98934 0.99432
22108.80000 0.94795 0.98826 0.99347
22109.00000 0.96179 0.98630 0.99083
22109.10000 0.96432 0.98547 0.98880
22109.20000 0.97767 0.98473 0.98617
22109.20000 0.95542 0.98473 0.98617
22109.40000 0.96354 0.98365 0.97983
22109.50000 0.94842 0.98333 0.97716
22109.70000 0.95674 0.98281 0.97569
22109.80000 0.94780 0.98253 0.97718
22109.90000 0.96987 0.98233 0.97970
22110.00000 0.97048 0.98223 0.98259
22110.10000 0.97946 0.98222 0.98523
22110.20000 0.96689 0.98224 0.98728
22110.20000 0.97841 0.98224 0.98728
22110.50000 0.99836 0.98227 0.98985
22110.60000 1.01049 0.98226 0.98983
22110.70000 1.01130 0.98223 0.98947
22110.80000 1.00793 0.98213 0.98882
22110.90000 1.00603 0.98191 0.98796
22111.00000 0.99554 0.98147 0.98694
22111.20000 0.98334 0.97991 0.98469
22111.20000 0.97708 0.97991 0.98469
22111.40000 0.98062 0.97799 0.98269
22111.50000 1.00450 0.97711 0.98191
22111.60000 1.00839 0.97632 0.98120
22111.70000 1.02553 0.97562 0.98036
22111.80000 0.99970 0.97503 0.97915
22112.00000 0.99881 0.97431 0.97468
22112.10000 0.97380 0.97426 0.97165
22112.20000 0.98687 0.97447 0.96891
22112.20000 0.98474 0.97447 0.96891
22112.40000 0.99830 0.97533 0.96734
22112.50000 1.00282 0.97583 0.96917
22112.70000 1.00330 0.97725 0.97643
22112.80000 1.00149 0.97826 0.98037
22112.90000 0.99884 0.97943 0.98375
22113.00000 0.99844 0.98072 0.98644
22113.10000 1.00130 0.98211 0.98852
22113.20000 0.99116 0.98357 0.99015
22113.40000 0.98378 0.98664 0.99248
22113.50000 0.97613 0.98821 0.99334
22113.60000 0.98462 0.98971 0.99404
22113.70000 0.98252 0.99106 0.99461
22113.80000 0.98150 0.99220 0.99508
22114.00000 0.99201 0.99389 0.99578
22114.10000 0.99738 0.99449 0.99606
22114.20000 1.00124 0.99499 0.99633
22114.20000 1.01014 0.99499 0.99633
22114.40000 1.01326 0.99576 0.99682
22114.50000 1.01089 0.99606 0.99703
22114.70000 0.99789 0.99656 0.99737
22114.80000 0.99769 0.99678 0.99751
22114.90000 0.98690 0.99697 0.99762
22115.00000 0.99354 0.99714 0.99773
22115.10000 0.99662 0.99729 0.99784
22115.20000 0.99810 0.99742 0.99794
22115.40000 0.98567 0.99765 0.99810
22115.50000 1.00000 0.99775 0.99817
22115.60000 0.98598 0.99784 0.99823
22115.70000 0.98991 0.99792 0.99829
22115.80000 0.98979 0.99799 0.99834
22116.00000 0.99262 0.99812 0.99844
22116.10000 0.97723 0.99817 0.99849
22116.20000 0.97667 0.99823 0.99852
22116.20000 0.93396 0.99823 0.99852
22116.40000 0.94395 0.99832 0.99859
22116.60000 0.95750 0.99839 0.99865
22116.70000 0.97451 0.99843 0.99868
22116.80000 0.98737 0.99846 0.99871
22116.90000 0.99915 0.99849 0.99873
22117.00000 0.99136 0.99852 0.99876
22117.20000 1.00778 0.99857 0.99879
22117.20000 0.99983 0.99857 0.99879
22117.40000 0.98658 0.99859 0.99881
22117.50000 0.97240 0.99858 0.99880
22117.60000 0.96558 0.99847 0.99872
22117.70000 0.96997 0.99816 0.99848
22117.90000 0.98390 0.99641 0.99697
22118.00000 0.96929 0.99509 0.99580
22118.10000 0.98425 0.99394 0.99477
22118.20000 0.95846 0.99337 0.99425
22118.20000 0.94312 0.99337 0.99425
22118.50000 0.95063 0.99503 0.99573
22118.60000 0.96777 0.99560 0.99623
22118.70000 0.98440 0.99584 0.99644
22118.80000 0.99532 0.99595 0.99653
22118.90000 0.98626 0.99617 0.99672
22119.10000 0.98251 0.99724 0.99764
22119.20000 0.97497 0.99786 0.99818
22119.20000 0.98125 0.99786 0.99818
22119.40000 0.98087 0.99859 0.99881
22119.50000 0.98376 0.99864 0.99885
22119.70000 0.96688 0.99815 0.99843
22119.80000 0.97602 0.99760 0.99796
22119.90000 0.96025 0.99695 0.99741
22120.00000 0.97924 0.99641 0.99694
22120.10000 0.99115 0.99616 0.99673
22120.20000 0.99478 0.99628 0.99683
22120.40000 0.99344 0.99733 0.99774
22120.50000 0.99864 0.99793 0.99825
22120.60000 0.98345 0.99834 0.99861
22120.70000 0.98538 0.99857 0.99880
22120.90000 0.97672 0.99865 0.99889
22121.00000 0.95562 0.99864 0.99888
22121.10000 0.94038 0.99861 0.99886
22121.20000 0.95609 0.99858 0.99884
22121.20000 0.95732 0.99858 0.99884
22121.50000 0.94317 0.99846 0.99876
22121.60000 0.97428 0.99841 0.99873
22121.70000 0.99357 0.99835 0.99869
22121.80000 0.99288 0.99828 0.99865
22122.00000 0.99603 0.99811 0.99856
22122.10000 0.98355 0.99801 0.99850
22122.20000 0.98576 0.99789 0.99844
22122.20000 0.97603 0.99789 0.99844
22122.40000 0.97684 0.99757 0.99828
22122.60000 0.97422 0.99712 0.99808
22122.70000 0.97846 0.99684 0.99795
22122.80000 0.97266 0.99650 0.99780
22122.90000 0.95436 0.99612 0.99763
22123.00000 0.92853 0.99567 0.99742
22123.20000 0.94345 0.99464 0.99693
22123.20000 0.94396 0.99464 0.99693
22123.40000 0.96001 0.99349 0.99627
22123.50000 0.95731 0.99293 0.99582
22123.60000 0.95421 0.99237 0.99526
22123.80000 0.95283 0.99137 0.99364
22123.90000 0.95643 0.99097 0.99250
22124.00000 0.97327 0.99065 0.99109
22124.10000 0.97257 0.99042 0.98943
22124.20000 0.96036 0.99027 0.98772
22124.40000 0.97124 0.99013 0.98533
22124.50000 0.97282 0.99008 0.98518
22124.60000 0.99081 0.99005 0.98582
22124.70000 0.98322 0.99004 0.98710
22124.90000 0.99626 0.99020 0.99034
22125.00000 0.99371 0.99039 0.99176
22125.10000 0.99552 0.99067 0.99290
22125.20000 0.98476 0.99103 0.99379
22125.40000 0.97157 0.99189 0.99500
22125.50000 0.96134 0.99235 0.99540
22125.60000 0.96534 0.99282 0.99570
22125.70000 0.97887 0.99330 0.99593
22125.80000 0.99242 0.99377 0.99608
22126.00000 0.99040 0.99462 0.99625
22126.10000 1.00179 0.99498 0.99628
22126.20000 0.99308 0.99529 0.99631
22126.20000 0.98339 0.99529 0.99631
22126.40000 0.96726 0.99579 0.99642
22126.60000 0.98147 0.99616 0.99668
22126.70000 0.98650 0.99633 0.99685
22126.80000 1.00480 0.99648 0.99704
22126.90000 0.99587 0.99663 0.99722
22127.10000 0.99687 0.99691 0.99754
22127.20000 0.98389 0.99704 0.99767
22127.20000 0.96696 0.99704 0.99767
22127.40000 0.96993 0.99729 0.99791
22127.50000 0.98120 0.99741 0.99802
22127.70000 0.98388 0.99762 0.99819
22127.80000 0.98960 0.99771 0.99826
22127.90000 0.98349 0.99778 0.99832
22128.00000 0.98835 0.99784 0.99837
22128.20000 0.99015 0.99791 0.99845
22128.20000 0.99396 0.99791 0.99845
22128.40000 0.99102 0.99793 0.99850
22128.50000 1.00338 0.99792 0.99851
22128.60000 0.99345 0.99790 0.99852
22128.80000 0.98416 0.99784 0.99849
22128.90000 0.95400 0.99778 0.99845
22129.00000 0.94494 0.99766 0.99836
22129.10000 0.93402 0.99741 0.99815
22129.20000 0.95781 0.99684 0.99763
22129.40000 0.97676 0.99381 0.99488
22129.50000 1.00873 0.99158 0.99284
22129.60000 1.00665 0.98973 0.99105
22129.70000 1.01429 0.98899 0.99012
22129.90000 0.99164 0.99146 0.99163
22130.00000 0.97487 0.99370 0.99338
22130.10000 0.96618 0.99561 0.99502
22130.20000 0.96988 0.99680 0.99623
22130.40000 0.98243 0.99758 0.99753
22130.50000 0.99613 0.99768 0.99789
22130.60000 0.98129 0.99776 0.99816
22130.70000 0.97816 0.99784 0.99837
22130.80000 0.97479 0.99794 0.99853
22131.00000 0.96515 0.99816 0.99877
22131.10000 0.95161 0.99827 0.99886
22131.20000 0.96855 0.99837 0.99893
22131.20000 0.97747 0.99837 0.99893
22131.50000 0.97514 0.99864 0.99910
22131.60000 0.95797 0.99871 0.99914
22131.70000 0.97558 0.99877 0.99917
22131.80000 0.99077 0.99884 0.99920
22132.00000 0.99365 0.99895 0.99926
22132.10000 0.98785 0.99901 0.99928
22132.20000 1.00374 0.99906 0.99930
22132.20000 0.98824 0.99906 0.99930
22132.40000 1.00211 0.99915 0.99934
22132.60000 0.98718 0.99921 0.99936
22132.70000 0.99630 0.99924 0.99937
22132.80000 0.97782 0.99925 0.99938
22132.90000 0.98938 0.99927 0.99939
22133.10000 0.96778 0.99929 0.99941
22133.20000 0.97431 0.99930 0.99942
22133.20000 0.98771 0.99930 0.99942
22133.40000 0.99110 0.99933 0.99944
22133.50000 0.99344 0.99934 0.99944
22133.70000 0.99711 0.99935 0.99946
22133.80000 0.99591 0.99936 0.99946
22133.90000 0.98908 0.99937 0.99946
22134.00000 0.99030 0.99937 0.99947
22134.20000 0.99495 0.99937 0.99947
22134.20000 1.00068 0.99937 0.99947
22134.40000 1.00731 0.99938 0.99947
22134.50000 1.01173 0.99938 0.99947
22134.60000 0.99179 0.99938 0.99947
22134.80000 0.99306 0.99937 0.99947
22134.90000 1.00418 0.99936 0.99946
22135.00000 0.99283 0.99936 0.99946
22135.10000 0.99289 0.99934 0.99945
22135.20000 0.97622 0.99931 0.99942
22135.40000 0.99169 0.99900 0.99915
22135.50000 0.99979 0.99836 0.99861
22135.60000 0.99588 0.99703 0.99746
22135.70000 0.98252 0.99488 0.99563
22135.90000 0.97895 0.99031 0.99171
22136.00000 0.96328 0.98952 0.99103
22136.10000 0.96139 0.99024 0.99164
22136.20000 0.98135 0.99197 0.99314
22136.40000 0.99012 0.99448 0.99530
22136.50000 0.98530 0.99417 0.99502
22136.60000 0.99316 0.99340 0.99435
22136.70000 0.97510 0.99300 0.99402
22136.80000 0.98529 0.99345 0.99443
22137.00000 0.98688 0.99619 0.99685
22137.10000 1.00245 0.99749 0.99800
22137.20000 0.99280 0.99828 0.99870
22137.20000 0.98833 0.99828 0.99870
22137.50000 0.97236 0.99853 0.99910
22137.60000 0.96356 0.99836 0.99905
22137.70000 0.96545 0.99811 0.99899
22137.80000 0.96264 0.99776 0.99887
22137.90000 0.96303 0.99723 0.99864
22138.10000 0.97476 0.99511 0.99742
22138.20000 0.96564 0.99348 0.99640
22138.20000 0.97993 0.99348 0.99640
22138.40000 0.98077 0.99039 0.99467
22138.50000 0.99297 0.98949 0.99444
22138.70000 0.98562 0.98889 0.99507
22138.80000 0.99467 0.98862 0.99528
22138.90000 0.97958 0.98810 0.99499
22139.00000 0.99148 0.98739 0.99400
22139.20000 0.97841 0.98630 0.98939
22139.20000 0.94921 0.98630 0.98939
22139.40000 0.93400 0.98633 0.98119
22139.50000 0.95763 0.98662 0.97688
22139.60000 0.99259 0.98687 0.97376
22139.80000 1.01071 0.98685 0.97410
22139.90000 1.01599 0.98659 0.97746
22140.00000 1.01399 0.98632 0.98186
22140.10000 1.01336 0.98620 0.98625
22140.20000 1.00004 0.98638 0.98990
22140.40000 0.98298 0.98775 0.99441
22140.50000 0.97741 0.98883 0.99563
22140.60000 0.95708 0.98998 0.99643
22140.70000 0.95794 0.99100 0.99685
22140.90000 0.96418 0.99203 0.99657
22141.00000 0.98506 0.99209 0.99607
22141.10000 0.98417 0.99219 0.99566
22141.20000 0.98934 0.99262 0.99559
22141.20000 0.97884 0.99262 0.99559
22141.50000 0.98889 0.99604 0.99755
22141.60000 0.98329 0.99715 0.99829
22141.70000 0.97209 0.99792 0.99877
22141.80000 0.95405 0.99838 0.99904
22141.90000 0.97590 0.99865 0.99917
22142.10000 0.98678 0.99894 0.99928
22142.20000 1.00154 0.99903 0.99932
22142.20000 1.00869 0.99903 0.99932
22142.40000 0.99346 0.99916 0.99938
22142.50000 0.98839 0.99921 0.99941
22142.70000 0.97472 0.99929 0.99945
22142.80000 0.97578 0.99932 0.99947
22142.90000 0.99249 0.99935 0.99949
22143.00000 0.99382 0.99937 0.99950
22143.10000 0.98957 0.99939 0.99952
22143.20000 0.99242 0.99942 0.99953
22143.40000 0.98573 0.99945 0.99955
22143.50000 0.96067 0.99946 0.99956
22143.60000 0.97824 0.99947 0.99957
22143.70000 0.95791 0.99949 0.99957
22143.90000 0.96051 0.99950 0.99959
22144.00000 0.95820 0.99951 0.99960
22144.10000 0.97005 0.99952 0.99960
22144.20000 0.98538 0.99953 0.99961
22144.20000 0.99350 0.99953 0.99961
22144.50000 0.97771 0.99955 0.99963
22144.60000 0.97290 0.99956 0.99963
22144.70000 0.96526 0.99956 0.99963
22144.80000 0.97047 0.99956 0.99964
22144.90000 0.96898 0.99957 0.99964
22145.10000 0.98228 0.99957 0.99964
22145.20000 0.97387 0.99957 0.99964
22145.20000 0.97510 0.99957 0.99964
22145.40000 0.97723 0.99957 0.99964
22145.50000 0.98733 0.99956 0.99963
22145.70000 0.98698 0.99954 0.99962
22145.80000 0.99688 0.99951 0.99959
22145.90000 0.98981 0.99942 0.99951
22146.00000 0.99765 0.99915 0.99927
22146.10000 1.00613 0.99853 0.99874
22146.20000 0.99598 0.99745 0.99782
22146.40000 0.98712 0.99453 0.99531
22146.50000 0.98535 0.99338 0.99433
22146.60000 0.95842 0.99266 0.99371
22146.70000 0.93640 0.99212 0.99324
22146.80000 0.94778 0.99152 0.99272
22147.00000 0.97726 0.99063 0.99192
22147.10000 0.97558 0.99111 0.99235
22147.20000 0.99917 0.99254 0.99359
22147.20000 0.99139 0.99254 0.99359
22147.40000 0.99081 0.99662 0.99714
22147.60000 0.96633 0.99892 0.99913
22147.70000 0.95959 0.99924 0.99941
22147.80000 0.96332 0.99933 0.99950
22147.90000 0.97379 0.99933 0.99952
22148.00000 0.98554 0.99931 0.99952
22148.20000 0.97329 0.99921 0.99949
22148.20000 0.96706 0.99921 0.99949
22148.40000 0.96029 0.99908 0.99945
22148.50000 0.94440 0.99901 0.99942
22148.60000 0.95679 0.99893 0.99939
22148.70000 0.96392 0.99885 0.99935
22148.90000 0.97898 0.99865 0.99924
22149.00000 0.99097 0.99853 0.99917
22149.10000 1.00414 0.99842 0.99908
22149.20000 0.98206 0.99830 0.99898
22149.20000 0.97815 0.99830 0.99898
22149.40000 0.99034 0.99807 0.99868
22149.60000 1.00313 0.99789 0.99825
22149.70000 0.99547 0.99782 0.99798
22149.80000 0.98270 0.99776 0.99768
22149.90000 0.96985 0.99770 0.99738
22150.00000 0.95944 0.99763 0.99714
22150.10000 0.96192 0.99755 0.99700
22150.20000 0.98171 0.99746 0.99697
22150.40000 0.97091 0.99724 0.99719
22150.50000 0.98792 0.99711 0.99733
22150.60000 0.99242 0.99695 0.99739
22150.70000 0.97112 0.99666 0.99724
22150.80000 0.97829 0.99614 0.99680
22151.00000 0.97838 0.99448 0.99509
22151.10000 1.02079 0.99380 0.99428
22151.20000 1.04760 0.99361 0.99387
22151.20000 0.99275 0.99361 0.99387
22151.40000 0.95621 0.99485 0.99463
22151.50000 0.96820 0.99587 0.99550
22151.70000 0.97970 0.99729 0.99703
22151.80000 0.97937 0.99760 0.99754
22151.90000 0.97370 0.99777 0.99792
22152.00000 0.95188 0.99788 0.99822
22152.10000 0.96383 0.99798 0.99846
22152.20000 0.98018 0.99807 0.99866
22152.40000 0.98555 0.99827 0.99897
22152.50000 0.98696 0.99837 0.99908
22152.60000 1.00668 0.99847 0.99918
22152.70000 0.99183 0.99858 0.99926
22152.80000 0.99611 0.99869 0.99932
22152.90000 0.97588 0.99879 0.99937
22153.10000 0.97188 0.99896 0.99945
22153.20000 0.96519 0.99904 0.99948
22153.20000 0.96842 0.99904 0.99948
22153.40000 0.97113 0.99919 0.99954
22153.50000 0.98361 0.99925 0.99956
22153.60000 0.98606 0.99931 0.99959
22153.70000 0.98778 0.99937 0.99961
22153.90000 0.98218 0.99947 0.99964
22154.00000 0.98793 0.99951 0.99965
22154.10000 0.95403 0.99954 0.99966
22154.20000 0.95474 0.99956 0.99967
22154.20000 0.96167 0.99956 0.99967
22154.40000 0.98684 0.99960 0.99969
22154.50000 0.97242 0.99961 0.99970
22154.70000 0.96431 0.99963 0.99972
22154.80000 0.95663 0.99965 0.99972
22154.90000 0.96285 0.99966 0.99973
22155.00000 0.92412 0.99967 0.99973
22155.10000 0.93223 0.99968 0.99974
22155.20000 0.95159 0.99968 0.99974
22155.20000 0.97007 0.99968 0.99974
22155.50000 0.95800 0.99970 0.99975
22155.60000 0.95162 0.99970 0.99975
22155.70000 0.93802 0.99971 0.99975
22155.80000 0.94433 0.99971 0.99975
22155.90000 0.96968 0.99971 0.99976
22156.00000 0.97518 0.99971 0.99976
22156.10000 0.98820 0.99971 0.99976
22156.20000 0.98925 0.99971 0.99975
22156.40000 0.99203 0.99970 0.99975
22156.50000 0.99288 0.99969 0.99974
22156.60000 0.96040 0.99967 0.99972
22156.70000 0.98906 0.99961 0.99965
22156.80000 1.00300 0.99941 0.99946
22156.90000 1.00778 0.99879 0.99892
22157.00000 1.00383 0.99731 0.99765
22157.20000 1.00324 0.99103 0.99228
22157.20000 0.99846 0.99103 0.99228
22157.40000 1.00133 0.98562 0.98765
22157.50000 0.99678 0.98592 0.98790
22157.60000 1.00087 0.98837 0.99001
22157.70000 0.98625 0.99197 0.99310
22157.80000 0.99027 0.99541 0.99606
22157.90000 0.97586 0.99779 0.99811
22158.10000 0.95937 0.99950 0.99957
22158.20000 0.92480 0.99966 0.99970
22158.20000 0.99860 0.99966 0.99970
22158.40000 1.01811 0.99973 0.99977
22158.50000 1.00774 0.99975 0.99978
22158.60000 0.97075 0.99975 0.99979
22158.70000 0.95434 0.99976 0.99979
22158.80000 0.93829 0.99976 0.99980
22158.90000 0.92321 0.99977 0.99980
22159.10000 0.91939 0.99977 0.99981
22159.20000 0.94815 0.99978 0.99981
22159.20000 0.94373 0.99978 0.99981
22159.40000 0.95471 0.99978 0.99981
22159.50000 0.94940 0.99978 0.99981
22159.60000 0.95892 0.99978 0.99982
22159.70000 0.95587 0.99979 0.99982
22159.80000 0.97286 0.99979 0.99982
22159.90000 0.96233 0.99979 0.99982
22160.10000 0.95740 0.99979 0.99982
22160.20000 0.94871 0.99979 0.99982
22160.20000 0.94906 0.99979 0.99982
22160.40000 0.95181 0.99979 0.99982
22160.50000 0.98052 0.99979 0.99982
22160.60000 0.98562 0.99979 0.99982
22160.70000 1.00425 0.99979 0.99982
22160.80000 0.98793 0.99979 0.99982
22160.90000 0.99494 0.99979 0.99982
22161.00000 0.98233 0.99979 0.99982
22161.20000 0.97146 0.99980 0.99982
22161.20000 0.96129 0.99980 0.99982
22161.40000 0.96032 0.99980 0.99983
22161.50000 0.95805 0.99980 0.99983
22161.60000 0.97162 0.99980 0.99983
22161.70000 0.97194 0.99980 0.99983
22161.80000 0.98661 0.99980 0.99983
22161.90000 0.98657 0.99980 0.99983
22162.00000 0.99464 0.99980 0.99983
22162.10000 0.98170 0.99981 0.99983
22162.20000 0.97140 0.99981 0.99983
22162.40000 0.97749 0.99981 0.99984
22162.50000 0.96584 0.99981 0.99984
22162.60000 0.95934 0.99981 0.99984
22162.70000 0.95887 0.99981 0.99984
22162.80000 0.95195 0.99981 0.99984
22162.90000 0.95839 0.99982 0.99984
22163.00000 0.94442 0.99982 0.99984
22163.10000 0.96989 0.99982 0.99984
22163.20000 0.96696 0.99982 0.99984
22163.20000 0.97056 0.99982 0.99984
22163.40000 0.94747 0.99982 0.99984
22163.50000 0.95380 0.99982 0.99984
22163.60000 0.96592 0.99982 0.99984
22163.80000 0.95952 0.99982 0.99984
22163.90000 0.95580 0.99982 0.99984
22164.00000 0.96215 0.99981 0.99984
22164.10000 0.96955 0.99981 0.99984
22164.20000 0.95875 0.99981 0.99984
22164.20000 0.95652 0.99981 0.99984
22164.40000 0.95577 0.99981 0.99984
22164.50000 0.95997 0.99981 0.99984
22164.60000 0.96768 0.99981 0.99984
22164.70000 0.96201 0.99981 0.99984
22164.80000 0.94480 0.99981 0.99984
22164.90000 0.94585 0.99981 0.99984
22165.00000 0.96030 0.99981 0.99984
22165.10000 0.95258 0.99981 0.99984
22165.20000 0.96738 0.99981 0.99984
22165.40000 0.97269 0.99982 0.99984
22165.50000 0.98311 0.99982 0.99984
22165.60000 0.97755 0.99982 0.99984
22165.70000 0.97124 0.99982 0.99984
22165.80000 0.96103 0.99982 0.99984
22165.90000 0.96614 0.99982 0.99984
22166.00000 0.97102 0.99982 0.99984
22166.10000 0.98335 0.99982 0.99984
22166.20000 0.97977 0.99982 0.99984
22166.20000 0.99661 0.99982 0.99984
22166.40000 0.98956 0.99982 0.99985
22166.50000 0.97969 0.99982 0.99985
22166.60000 0.98317 0.99982 0.99985
22166.70000 0.98784 0.99982 0.99985
22166.80000 0.98247 0.99982 0.99985
22166.90000 0.98580 0.99982 0.99985
22167.00000 0.97639 0.99982 0.99985
22167.10000 0.98219 0.99982 0.99985
22167.20000 0.97327 0.99982 0.99985
22167.40000 0.97725 0.99982 0.99985
22167.50000 0.96787 0.99982 0.99985
22167.60000 0.94400 0.99982 0.99985
22167.70000 0.95228 0.99982 0.99985
22167.80000 0.97303 0.99982 0.99985
22167.90000 0.97560 0.99982 0.99985
22168.00000 0.97421 0.99982 0.99985
22168.10000 0.98135 0.99982 0.99985
22168.20000 0.97465 0.99982 0.99985
22168.20000 0.96836 0.99982 0.99985
22168.40000 0.95005 0.99982 0.99985
22168.50000 0.95542 0.99982 0.99985
22168.60000 0.95482 0.99982 0.99985
22168.70000 0.95652 0.99982 0.99985
22168.80000 0.96193 0.99982 0.99985
22168.90000 0.96728 0.99982 0.99985
22169.00000 0.97981 0.99982 0.99985
22169.10000 0.96828 0.99982 0.99985
22169.20000 0.97290 0.99982 0.99984
22169.20000 0.97615 0.99982 0.99984
22169.40000 0.99477 0.99982 0.99984
22169.50000 0.99121 0.99982 0.99984
22169.60000 0.99054 0.99982 0.99984
22169.70000 0.99999 0.99982 0.99984
22169.80000 0.98816 0.99981 0.99984
22169.90000 0.98759 0.99981 0.99984
22170.00000 0.97593 0.99981 0.99984
22170.10000 0.96888 0.99981 0.99984
22170.20000 0.96200 0.99981 0.99984
22170.20000 0.95974 0.99981 0.99984
22170.50000 0.95628 0.99981 0.99984
22170.60000 0.96893 0.99981 0.99983
22170.70000 0.97084 0.99980 0.99983
22170.80000 0.96336 0.99980 0.99983
22170.90000 0.96145 0.99980 0.99983
22171.00000 0.94806 0.99980 0.99983
22171.10000 0.95547 0.99979 0.99982
22171.20000 0.97468 0.99979 0.99982
22171.20000 0.99884 0.99979 0.99982
22171.40000 0.99497 0.99976 0.99980
22171.50000 0.99570 0.99973 0.99977
22171.60000 0.98548 0.99963 0.99968
22171.70000 0.99562 0.99930 0.99940
22171.80000 0.99047 0.99850 0.99872
22171.90000 0.98641 0.99699 0.99741
22172.00000 0.98063 0.99489 0.99558
22172.10000 0.96397 0.99279 0.99372
22172.20000 0.97451 0.99145 0.99254
22172.20000 0.98530 0.99145 0.99254
22172.40000 0.97894 0.99263 0.99362
22172.50000 0.98518 0.99470 0.99544
22172.60000 0.96991 0.99679 0.99729
22172.70000 0.96688 0.99833 0.99862
22172.80000 0.93651 0.99920 0.99934
22172.90000 0.96991 0.99957 0.99964
22173.00000 0.96572 0.99970 0.99974
22173.10000 0.96646 0.99973 0.99977
22173.20000 0.95133 0.99974 0.99979
22173.20000 0.96183 0.99974 0.99979
22173.40000 0.96711 0.99975 0.99979
22173.50000 0.97073 0.99975 0.99979
22173.60000 0.96269 0.99974 0.99979
22173.70000 0.96859 0.99974 0.99979
22173.80000 0.97480 0.99974 0.99979
22173.90000 0.97669 0.99973 0.99978
22174.00000 0.98166 0.99973 0.99978
22174.10000 0.99884 0.99972 0.99978
22174.20000 0.99935 0.99971 0.99977
22174.20000 1.00340 0.99971 0.99977
22174.40000 1.00629 0.99970 0.99976
22174.40000 1.00110 0.99970 0.99976
22174.50000 0.99172 0.99969 0.99976
22174.60000 1.00268 0.99968 0.99975
22174.70000 1.00213 0.99966 0.99974
22174.80000 1.00836 0.99965 0.99973
22174.90000 0.99518 0.99963 0.99973
22175.00000 0.99177 0.99961 0.99972
22175.10000 0.98655 0.99959 0.99971
22175.20000 0.98933 0.99957 0.99969
22175.20000 0.98571 0.99957 0.99969
22175.40000 0.98007 0.99950 0.99967
22175.50000 0.98427 0.99946 0.99965
22175.60000 0.97669 0.99941 0.99963
22175.70000 0.97240 0.99934 0.99961
22175.80000 0.97350 0.99925 0.99959
22175.90000 0.97016 0.99914 0.99957
22176.00000 0.96964 0.99898 0.99953
22176.10000 0.96035 0.99876 0.99949
22176.20000 0.95812 0.99839 0.99944
22176.20000 0.96993 0.99839 0.99944
22176.40000 0.98350 0.99694 0.99934
22176.50000 0.97245 0.99579 0.99928
22176.60000 0.98122 0.99453 0.99921
22176.70000 0.96988 0.99343 0.99911
22176.80000 0.98379 0.99269 0.99899
22176.90000 0.99697 0.99236 0.99883
22177.00000 1.00213 0.99222 0.99861
22177.10000 0.99406 0.99190 0.99833
22177.20000 1.00404 0.99118 0.99796
22177.20000 0.99303 0.99118 0.99796
22177.40000 0.99520 0.98926 0.99665
22177.40000 0.96814 0.98926 0.99665
22177.50000 0.95966 0.98883 0.99537
22177.60000 0.94673 0.98897 0.99318
22177.70000 0.94411 0.98941 0.98964
22177.80000 0.94681 0.98972 0.98457
22177.90000 0.95001 0.98966 0.97855
22178.00000 0.93994 0.98936 0.97297
22178.10000 0.93445 0.98910 0.96952
22178.20000 0.93378 0.98909 0.96934
22178.20000 0.95186 0.98909 0.96934
22178.40000 0.96011 0.98964 0.97794
22178.50000 0.97323 0.98973 0.98399
22178.60000 0.96084 0.98946 0.98919
22178.70000 0.96614 0.98902 0.99289
22178.80000 0.97647 0.98883 0.99521
22178.90000 0.99111 0.98920 0.99661
22179.00000 1.00535 0.99008 0.99746
22179.10000 0.99695 0.99110 0.99800
22179.20000 0.95847 0.99185 0.99837
22179.20000 0.93916 0.99185 0.99837
22179.20000 0.93686 0.99185 0.99837
22179.40000 0.93884 0.99234 0.99881
22179.50000 0.94675 0.99264 0.99896
22179.60000 0.96559 0.99334 0.99908
22179.70000 0.97437 0.99443 0.99919
22179.80000 0.97459 0.99568 0.99928
22179.90000 0.95788 0.99684 0.99936
22180.00000 0.96609 0.99773 0.99942
22180.10000 0.96548 0.99833 0.99946
22180.20000 0.96592 0.99872 0.99951
22180.20000 0.97899 0.99872 0.99951
22180.40000 1.00475 0.99914 0.99957
22180.50000 1.02431 0.99926 0.99959
22220.40000 0.96039 0.99600 0.99657
22220.50000 0.96965 0.99744 0.99781
22220.60000 0.99074 0.99858 0.99878
22220.70000 0.99463 0.99925 0.99936
22220.80000 0.98139 0.99955 0.99962
22220.90000 0.98029 0.99966 0.99972
22221.00000 0.97083 0.99970 0.99975
22221.10000 0.96398 0.99971 0.99976
22221.30000 0.96887 0.99972 0.99976
22221.40000 0.93146 0.99972 0.99977
22221.50000 0.94106 0.99972 0.99977
22221.60000 0.95988 0.99972 0.99977
22221.70000 0.98243 0.99973 0.99977
22221.80000 0.99121 0.99973 0.99977
22221.90000 0.98533 0.99973 0.99977
22222.10000 0.99145 0.99972 0.99977
22222.20000 0.98415 0.99972 0.99977
22222.30000 0.98618 0.99972 0.99977
22222.40000 0.98575 0.99972 0.99976
22222.50000 0.97928 0.99972 0.99976
22222.60000 0.97165 0.99972 0.99976
22222.70000 0.97855 0.99971 0.99976
22222.80000 0.97331 0.99971 0.99976
22223.00000 0.97424 0.99971 0.99976
22223.10000 0.98405 0.99971 0.99976
22223.20000 0.99024 0.99971 0.99976
22223.30000 1.00621 0.99971 0.99976
22223.40000 1.00919 0.99971 0.99975
22223.50000 1.00370 0.99971 0.99975
22223.60000 1.00743 0.99970 0.99975
22223.80000 1.00115 0.99970 0.99975
22223.90000 0.98815 0.99969 0.99974
22224.00000 0.98115 0.99969 0.99974
22224.10000 0.96615 0.99969 0.99974
22224.20000 0.94624 0.99969 0.99974
22224.30000 0.95275 0.99968 0.99973
22224.40000 0.96679 0.99968 0.99973
22224.50000 0.96794 0.99968 0.99973
22224.70000 0.98445 0.99967 0.99972
22224.80000 0.99156 0.99966 0.99972
22224.90000 0.98537 0.99966 0.99972
22225.00000 0.98909 0.99965 0.99971
22225.10000 0.97945 0.99965 0.99971
22225.20000 0.96813 0.99965 0.99971
22225.30000 0.96464 0.99964 0.99970
22225.50000 0.94925 0.99963 0.99970
22225.60000 0.96093 0.99963 0.99969
22225.70000 0.96586 0.99962 0.99969
22225.80000 0.96087 0.99961 0.99968
22225.90000 0.95002 0.99960 0.99968
22226.00000 0.93668 0.99960 0.99967
22226.10000 0.93508 0.99959 0.99966
22226.20000 0.95295 0.99958 0.99966
22226.40000 0.96506 0.99956 0.99964
22226.50000 0.96227 0.99955 0.99964
22226.60000 0.95985 0.99954 0.99963
22226.70000 0.97322 0.99953 0.99962
22226.80000 0.98485 0.99952 0.99962
22226.90000 0.99575 0.99951 0.99961
22227.00000 0.99651 0.99950 0.99960
22227.20000 0.99250 0.99947 0.99958
22227.30000 0.98606 0.99945 0.99956
22227.40000 0.98715 0.99943 0.99955
22227.50000 0.98660 0.99941 0.99954
22227.60000 0.99542 0.99939 0.99952
22227.70000 0.99893 0.99937 0.99951
22227.80000 1.00178 0.99934 0.99949
22227.90000 0.99440 0.99931 0.99947
22228.10000 0.97660 0.99924 0.99941
22228.20000 0.96732 0.99917 0.99936
22228.30000 0.94736 0.99900 0.99923
22228.40000 0.95163 0.99856 0.99885
22228.50000 0.96621 0.99749 0.99794
22228.60000 0.96675 0.99544 0.99620
22228.70000 0.96344 0.99248 0.99366
22228.90000 0.97609 0.98704 0.98901
22229.00000 0.98646 0.98655 0.98860
22229.10000 0.98263 0.98802 0.98989
22229.20000 0.98473 0.99081 0.99233
22229.30000 0.98279 0.99385 0.99498
22229.40000 0.98856 0.99617 0.99704
22229.50000 0.98349 0.99747 0.99820
22229.60000 0.96996 0.99795 0.99869
22229.80000 0.97167 0.99788 0.99880
22229.90000 0.95960 0.99767 0.99875
22230.00000 0.95159 0.99736 0.99868
22230.10000 0.95779 0.99693 0.99859
22230.20000 0.95092 0.99621 0.99850
22230.30000 0.93373 0.99482 0.99839
22230.40000 0.93196 0.99204 0.99826
22230.60000 0.91988 0.98000 0.99795
22230.70000 0.92802 0.97139 0.99777
22230.80000 0.92605 0.96251 0.99756
22230.90000 0.92669 0.95456 0.99732
22231.00000 0.92671 0.94844 0.99704
22231.10000 0.91546 0.94418 0.99671
22231.20000 0.90634 0.94090 0.99630
22231.30000 0.89414 0.93736 0.99581
22231.50000 0.88626 0.92405 0.99445
22231.60000 0.87494 0.91275 0.99349
22231.70000 0.86108 0.89969 0.99223
22231.80000 0.85018 0.88685 0.99053
22231.90000 0.84977 0.87582 0.98815
22232.00000 0.84386 0.86747 0.98458
22232.10000 0.83533 0.86183 0.97864
22232.30000 0.84161 0.85993 0.94768
22232.40000 0.83754 0.86613 0.91501
22232.50000 0.83998 0.87737 0.87037
22232.60000 0.84134 0.89113 0.81970
22232.70000 0.83314 0.90347 0.77319
22232.80000 0.83460 0.91084 0.74354
22232.90000 0.87148 0.91141 0.74116
22233.10000 0.87878 0.89331 0.81167
22233.20000 0.86988 0.87950 0.86244
22233.30000 0.86436 0.86764 0.90857
22233.40000 0.84368 0.86055 0.94334
22233.50000 0.83850 0.85881 0.96525
22233.60000 0.84352 0.86117 0.97731
22233.70000 0.84861 0.86640 0.98381
22233.80000 0.85077 0.87430 0.98766
22234.00000 0.86683 0.89758 0.99197
22234.10000 0.86912 0.91072 0.99329
22234.20000 0.88464 0.92242 0.99430
22234.30000 0.89912 0.93109 0.99508
22234.40000 0.90617 0.93666 0.99570
22234.50000 0.91704 0.94037 0.99621
22234.60000 0.91266 0.94362 0.99662
22234.80000 0.91466 0.95345 0.99726
22234.90000 0.91404 0.96114 0.99751
22235.00000 0.93230 0.96994 0.99773
22235.10000 0.95101 0.97867 0.99792
22235.20000 0.96058 0.98610 0.99808
22235.30000 0.96349 0.99137 0.99822
22235.40000 0.96906 0.99443 0.99832
22235.50000 0.96463 0.99593 0.99836
22235.70000 0.95952 0.99615 0.99763
22235.80000 0.96665 0.99465 0.99612
22235.90000 0.95153 0.99166 0.99342
22236.00000 0.95636 0.98762 0.98984
22236.10000 0.96394 0.98370 0.98641
22236.20000 0.96550 0.98131 0.98429
22236.30000 0.96693 0.98130 0.98423
22236.50000 0.97397 0.98778 0.98973
22236.60000 0.97022 0.99215 0.99346
22236.70000 0.97152 0.99559 0.99639
22236.80000 0.97987 0.99763 0.99812
22236.90000 0.97827 0.99855 0.99890
22237.00000 0.97826 0.99890 0.99919
22237.10000 0.98437 0.99903 0.99928
22237.20000 0.99145 0.99910 0.99933
22237.40000 0.99327 0.99919 0.99939
22237.50000 0.98959 0.99922 0.99941
22237.60000 0.98449 0.99925 0.99943
22237.70000 0.98490 0.99928 0.99945
22237.80000 0.99142 0.99931 0.99946
22237.90000 0.99142 0.99933 0.99948
22238.00000 0.99745 0.99935 0.99949
22238.20000 0.99297 0.99939 0.99952
22238.30000 0.99585 0.99941 0.99953
22238.40000 0.98872 0.99943 0.99954
22238.50000 0.98764 0.99944 0.99955
22238.60000 0.99140 0.99946 0.99956
22238.70000 0.99462 0.99947 0.99957
22238.80000 0.98983 0.99948 0.99958
22238.90000 0.99418 0.99949 0.99959
22239.10000 0.98298 0.99951 0.99960
22239.20000 0.97196 0.99952 0.99961
22239.30000 0.96195 0.99953 0.99962
22239.40000 0.96385 0.99954 0.99962
22239.50000 0.96920 0.99954 0.99963
22239.60000 0.97993 0.99955 0.99963
22239.70000 0.98653 0.99955 0.99963
22239.90000 0.99733 0.99956 0.99964
22240.00000 0.99498 0.99956 0.99963
22240.10000 1.00195 0.99955 0.99963
22240.20000 0.99777 0.99953 0.99960
22240.30000 0.97675 0.99943 0.99952
22240.40000 0.97052 0.99910 0.99924
22240.50000 0.95943 0.99814 0.99841
22240.60000 0.96251 0.99598 0.99656
22240.80000 0.98340 0.98784 0.98956
22240.90000 0.99551 0.98372 0.98602
22241.00000 0.99807 0.98136 0.98400
22241.10000 0.98625 0.98147 0.98409
22241.20000 0.98821 0.98384 0.98612
22241.30000 1.00307 0.98746 0.98924
22241.40000 1.00824 0.99094 0.99222
22241.60000 1.00811 0.99415 0.99498
22241.70000 1.00204 0.99442 0.99521
22241.80000 1.00153 0.99472 0.99547
22241.90000 0.99650 0.99538 0.99604
22242.00000 1.00010 0.99635 0.99686
22242.10000 0.98956 0.99739 0.99776
22242.20000 0.99427 0.99831 0.99855
22242.30000 0.99026 0.99897 0.99912
22242.50000 0.99091 0.99952 0.99959
22242.60000 0.98451 0.99958 0.99964
22242.70000 0.97786 0.99958 0.99965
22242.80000 0.98163 0.99954 0.99961
22242.90000 0.98631 0.99938 0.99947
22243.00000 0.99625 0.99892 0.99908
22243.10000 1.00577 0.99791 0.99820
22243.30000 1.00252 0.99408 0.99492
22243.40000 0.99871 0.99225 0.99335
22243.50000 0.99415 0.99142 0.99263
22243.60000 0.97529 0.99191 0.99305
22243.70000 0.97654 0.99354 0.99445
22243.80000 0.97101 0.99566 0.99628
22243.90000 0.98910 0.99753 0.99788
22244.00000 0.99063 0.99874 0.99892
22244.20000 0.98838 0.99953 0.99960
22244.30000 0.98154 0.99959 0.99965
22244.40000 0.99014 0.99961 0.99967
22244.50000 0.99539 0.99962 0.99967
22244.60000 0.79917 0.99962 0.99967
22244.70000 0.97565 0.99961 0.99967
22244.80000 0.99391 0.99958 0.99964
22245.00000 1.00171 0.99920 0.99931
22245.10000 1.00200 0.99858 0.99878
22245.20000 1.00014 0.99754 0.99789
22245.30000 0.99770 0.99623 0.99677
22245.40000 0.98856 0.99505 0.99575
22245.50000 0.97933 0.99447 0.99525
22245.60000 0.97039 0.99470 0.99545
22245.70000 0.95882 0.99566 0.99628
22245.90000 0.95709 0.99817 0.99843
22246.00000 0.96637 0.99897 0.99912
22246.10000 0.95790 0.99937 0.99946
22246.20000 0.93283 0.99952 0.99959
22246.30000 0.93074 0.99957 0.99963
22246.40000 0.97645 0.99958 0.99964
22246.50000 0.98830 0.99959 0.99965
22246.70000 0.99556 0.99958 0.99965
22246.80000 0.98694 0.99958 0.99964
22246.90000 0.98700 0.99958 0.99964
22247.00000 0.98949 0.99957 0.99964
22247.10000 0.99235 0.99957 0.99963
22247.20000 0.99504 0.99956 0.99963
22247.30000 0.99325 0.99956 0.99963
22247.40000 0.98399 0.99955 0.99962
22247.60000 0.97250 0.99954 0.99961
22247.70000 0.95689 0.99954 0.99961
22247.80000 0.94662 0.99953 0.99960
22247.90000 0.95395 0.99952 0.99960
22248.00000 0.96925 0.99952 0.99959
22248.10000 0.98090 0.99951 0.99958
22248.20000 0.98916 0.99950 0.99958
22248.40000 0.98774 0.99948 0.99956
22248.50000 0.98296 0.99948 0.99955
22248.60000 0.99586 0.99947 0.99955
22248.70000 1.00026 0.99946 0.99954
22248.80000 1.00181 0.99945 0.99953
22248.90000 0.99709 0.99944 0.99952
22249.00000 0.98602 0.99943 0.99951
22249.10000 0.98125 0.99942 0.99951
22249.30000 0.98136 0.99939 0.99949
22249.40000 0.98444 0.99938 0.99948
22249.50000 1.00956 0.99937 0.99946
22249.60000 1.01941 0.99935 0.99945
22249.70000 1.02964 0.99934 0.99944
22249.80000 1.01437 0.99932 0.99943
22249.90000 1.01710 0.99931 0.99942
22250.10000 1.01365 0.99927 0.99939
22250.20000 1.00039 0.99925 0.99937
22250.30000 1.00053 0.99923 0.99935
22250.40000 0.99396 0.99921 0.99933
22250.50000 0.98454 0.99918 0.99931
22250.60000 0.99454 0.99914 0.99928
22250.70000 0.91246 0.99907 0.99922
22250.80000 0.99114 0.99888 0.99906
22251.00000 1.00424 0.99694 0.99739
22251.10000 1.00177 0.99424 0.99507
22251.20000 0.99425 0.99028 0.99167
22251.30000 0.99692 0.98597 0.98797
22251.40000 0.97812 0.98269 0.98516
22251.50000 0.97448 0.98155 0.98418
22251.60000 0.96905 0.98292 0.98535
22251.80000 0.96787 0.99060 0.99195
22251.90000 0.96664 0.99437 0.99520
22252.00000 0.97057 0.99683 0.99732
22252.10000 0.98056 0.99802 0.99835
22252.20000 1.00463 0.99844 0.99871
22252.30000 0.99749 0.99853 0.99879
22252.40000 0.99890 0.99851 0.99878
22252.50000 1.00272 0.99847 0.99875
22252.70000 0.99056 0.99835 0.99866
22252.80000 0.99028 0.99828 0.99861
22252.90000 0.97653 0.99821 0.99855
22253.00000 0.97469 0.99812 0.99848
22253.10000 0.97488 0.99804 0.99841
22253.20000 0.98293 0.99794 0.99834
22253.30000 0.99177 0.99783 0.99826
22253.50000 0.99730 0.99758 0.99810
22253.60000 0.99832 0.99744 0.99800
22253.70000 0.99540 0.99729 0.99788
22253.80000 0.99965 0.99712 0.99776
22253.90000 0.99379 0.99694 0.99763
22254.00000 0.98959 0.99673 0.99749
22254.10000 0.98326 0.99649 0.99735
22254.20000 0.97481 0.99622 0.99719
22254.40000 0.99018 0.99558 0.99682
22254.50000 0.99533 0.99519 0.99660
22254.60000 0.99567 0.99473 0.99634
22254.70000 0.99998 0.99417 0.99606
22254.80000 0.99739 0.99347 0.99574
22254.90000 1.00044 0.99260 0.99538
22255.00000 0.99836 0.99145 0.99497
22255.20000 0.98516 0.98788 0.99396
22255.30000 0.97722 0.98526 0.99332
22255.40000 0.96535 0.98205 0.99257
22255.50000 0.95213 0.97828 0.99168
22255.60000 0.94136 0.97399 0.99062
22255.70000 0.93324 0.96920 0.98934
22255.80000 0.92181 0.96380 0.98776
22255.90000 0.90966 0.95758 0.98578
22256.10000 0.89552 0.94180 0.98004
22256.20000 0.89146 0.93238 0.97575
22256.30000 0.89794 0.92264 0.96992
22256.40000 0.89217 0.91347 0.96179
22256.50000 0.89136 0.90576 0.95030
22256.60000 0.90863 0.90018 0.93439
22256.70000 0.89839 0.89702 0.91386
22256.90000 0.89736 0.89636 0.86768
22257.00000 0.90318 0.89709 0.85073
22257.10000 0.90691 0.89744 0.84390
22257.20000 0.90233 0.89708 0.84907
22257.30000 0.90399 0.89625 0.86479
22257.40000 0.89879 0.89567 0.88691
22257.50000 0.92196 0.89629 0.91045
22257.60000 0.92433 0.89894 0.93140
22257.80000 0.92571 0.91117 0.95966
22257.90000 0.91934 0.91986 0.96795
22258.00000 0.92544 0.92917 0.97379
22258.10000 0.92831 0.93816 0.97798
22258.20000 0.93206 0.94609 0.98103
22258.30000 0.93671 0.95257 0.98326
22258.40000 0.92409 0.95760 0.98489
22258.60000 0.90003 0.96420 0.98680
22258.70000 0.89329 0.96627 0.98722
22258.80000 0.90650 0.96752 0.98731
22258.90000 0.91424 0.96765 0.98707
22259.00000 0.91665 0.96632 0.98640
22259.10000 0.90804 0.96323 0.98509
22259.20000 0.90467 0.95803 0.98272
22259.30000 0.91474 0.95039 0.97865
22259.50000 0.92559 0.92872 0.96349
22259.60000 0.92395 0.91718 0.95198
22259.70000 0.91616 0.90764 0.93753
22259.80000 0.91413 0.90162 0.92034
22259.90000 0.90480 0.89961 0.90203
22260.00000 0.90537 0.90070 0.88578
22260.10000 0.89736 0.90305 0.87542
22260.30000 0.90853 0.90639 0.88255
22260.40000 0.92770 0.90788 0.89910
22260.50000 0.92928 0.91087 0.91958
22260.60000 0.93245 0.91625 0.93954
22260.70000 0.93196 0.92396 0.95592
22260.80000 0.92199 0.93322 0.96781
22260.90000 0.92617 0.94296 0.97586
22261.00000 0.93496 0.95222 0.98125
22261.20000 0.95350 0.96713 0.98749
22261.30000 0.96014 0.97238 0.98914
22261.40000 0.97469 0.97583 0.98970
22261.50000 0.98695 0.97701 0.98876
22261.60000 0.98062 0.97578 0.98610
22261.70000 0.98090 0.97295 0.98224
22261.80000 0.98279 0.97005 0.97841
22262.00000 0.99281 0.96884 0.97522
22262.10000 0.98452 0.97117 0.97657
22262.20000 0.98299 0.97500 0.97946
22262.30000 0.98568 0.97953 0.98311
22262.40000 0.97689 0.98391 0.98672
22262.50000 0.96553 0.98774 0.98991
22262.60000 0.95716 0.99095 0.99259
22262.70000 0.96178 0.99331 0.99457
22262.90000 0.97142 0.99395 0.99503
22263.00000 0.98873 0.99209 0.99340
22263.10000 0.98170 0.98954 0.99118
22263.20000 0.97216 0.98733 0.98926
22263.30000 0.95301 0.98631 0.98836
22263.40000 0.96145 0.98688 0.98884
22263.50000 0.96852 0.98890 0.99056
22263.60000 0.97216 0.99172 0.99297
22263.80000 0.97203 0.99642 0.99699
22263.90000 0.97751 0.99750 0.99791
22264.00000 0.96905 0.99797 0.99832
22264.10000 0.96098 0.99816 0.99848
22264.20000 0.97410 0.99825 0.99855
22264.30000 0.98031 0.99830 0.99859
22264.40000 0.99797 0.99834 0.99862
22264.60000 1.00187 0.99838 0.99866
22264.70000 0.99659 0.99839 0.99868
22264.80000 0.98213 0.99839 0.99868
22264.90000 0.97076 0.99838 0.99868
22265.00000 0.97771 0.99835 0.99866
22265.10000 0.99125 0.99831 0.99864
22265.20000 1.00652 0.99824 0.99860
22265.30000 1.00288 0.99813 0.99855
22265.50000 1.00195 0.99765 0.99837
22265.60000 1.00147 0.99692 0.99824
22265.70000 1.01686 0.99525 0.99804
22265.80000 1.00681 0.99194 0.99772
22265.90000 0.97975 0.98639 0.99710
22266.00000 0.96128 0.97820 0.99569
22266.10000 0.95772 0.96714 0.99225
22266.30000 0.96218 0.93927 0.96953
22266.40000 0.94703 0.92653 0.94679
22266.50000 0.93676 0.91697 0.91972
22266.60000 0.91854 0.91118 0.89610
22266.70000 0.91332 0.90961 0.88462
22266.80000 0.91580 0.91237 0.88984
22266.90000 0.91923 0.91851 0.90967
22267.00000 0.92000 0.92687 0.93668
22267.20000 0.92595 0.94915 0.98052
22267.30000 0.93004 0.96177 0.99070
22267.40000 0.95116 0.97323 0.99519
22267.50000 0.97259 0.98248 0.99693
22267.60000 0.98749 0.98929 0.99766
22267.70000 0.98317 0.99378 0.99805
22267.80000 0.97370 0.99632 0.99830
22268.00000 0.97254 0.99806 0.99862
22268.10000 0.97497 0.99832 0.99873
22268.20000 0.97106 0.99848 0.99882
22268.30000 0.94190 0.99859 0.99889
22268.40000 0.94600 0.99868 0.99894
22268.50000 0.93888 0.99873 0.99898
22268.60000 0.96297 0.99878 0.99901
22268.70000 0.97075 0.99881 0.99903
22268.90000 0.95366 0.99885 0.99906
22269.00000 0.93363 0.99886 0.99907
22269.10000 0.92492 0.99887 0.99908
22269.20000 0.92957 0.99888 0.99909
22269.30000 0.93149 0.99888 0.99909
22269.40000 0.94958 0.99887 0.99910
22269.50000 0.97049 0.99886 0.99909
22269.60000 0.99118 0.99885 0.99909
22269.80000 0.98899 0.99881 0.99906
22269.90000 0.97813 0.99878 0.99904
22270.00000 0.96228 0.99875 0.99903
22270.10000 0.93954 0.99871 0.99901
22270.20000 0.91684 0.99866 0.99899
22270.30000 0.92998 0.99861 0.99897
22270.40000 0.95732 0.99855 0.99895
22270.60000 0.97174 0.99840 0.99888
22270.70000 1.00001 0.99831 0.99884
22270.80000 0.98704 0.99820 0.99880
22270.90000 0.99277 0.99808 0.99875
22271.00000 0.98285 0.99793 0.99869
22271.10000 0.99428 0.99774 0.99863
22271.20000 0.98600 0.99752 0.99856
22271.30000 0.95998 0.99724 0.99848
22271.50000 0.98415 0.99633 0.99829
22271.60000 0.98183 0.99532 0.99817
22271.70000 0.97819 0.99334 0.99804
22271.80000 0.97205 0.98970 0.99788
22271.90000 0.96445 0.98396 0.99771
22272.00000 0.94831 0.97632 0.99751
22272.10000 0.94709 0.96759 0.99728
22272.30000 0.93693 0.95155 0.99671
22272.40000 0.92100 0.94593 0.99633
22272.50000 0.90584 0.94174 0.99587
22272.60000 0.90354 0.93778 0.99530
22272.70000 0.89326 0.93260 0.99458
22272.80000 0.89425 0.92532 0.99367
22272.90000 0.89822 0.91615 0.99247
22273.00000 0.88856 0.90605 0.99085
22273.20000 0.87689 0.88767 0.98499
22273.30000 0.85792 0.88162 0.97879
22273.40000 0.85698 0.87852 0.96700
22273.50000 0.85342 0.87865 0.94532
22273.60000 0.86649 0.88228 0.91100
22273.70000 0.88248 0.88889 0.86580
22273.80000 0.89144 0.89638 0.81667
22273.90000 0.88901 0.90223 0.77477
22274.10000 0.87815 0.90430 0.75960
22274.20000 0.86185 0.90002 0.79114
22274.30000 0.85805 0.89305 0.83625
22274.40000 0.86794 0.88564 0.88292
22274.50000 0.87988 0.88043 0.92244
22274.60000 0.88877 0.87868 0.95063
22274.70000 0.89928 0.88036 0.96805
22274.90000 0.90606 0.89244 0.98393
22275.00000 0.90100 0.90143 0.98762
22275.10000 0.90149 0.91097 0.99009
22275.20000 0.90489 0.92009 0.99184
22275.30000 0.91531 0.92787 0.99311
22275.40000 0.93443 0.93376 0.99406
22275.50000 0.93529 0.93805 0.99472
22275.60000 0.94347 0.94178 0.99503
22275.80000 0.94113 0.95133 0.99386
22275.90000 0.93851 0.95750 0.99230
22276.00000 0.92344 0.96416 0.99064
22276.10000 0.92562 0.97086 0.98959
22276.20000 0.93775 0.97715 0.98965
22276.30000 0.94430 0.98258 0.99083
22276.40000 0.94530 0.98686 0.99266
22276.50000 0.95256 0.98976 0.99436
22276.70000 0.96044 0.99111 0.99522
22276.80000 0.96451 0.99021 0.99453
22276.90000 0.98500 0.98911 0.99370
22277.00000 0.98539 0.98835 0.99315
22277.10000 0.99014 0.98817 0.99299
22277.20000 1.00098 0.98855 0.99309
22277.30000 0.99365 0.98924 0.99309
22277.50000 0.99994 0.99043 0.99131
22277.60000 0.99098 0.99077 0.98929
22277.70000 0.98881 0.99102 0.98690
22277.80000 0.97510 0.99124 0.98475
22277.90000 0.96452 0.99140 0.98342
22278.00000 0.95900 0.99147 0.98329
22278.10000 0.96451 0.99145 0.98439
22278.20000 0.95334 0.99138 0.98646
22278.40000 0.95730 0.99135 0.99138
22278.50000 0.95899 0.99149 0.99334
22278.60000 0.97186 0.99178 0.99480
22278.70000 0.98485 0.99222 0.99584
22278.80000 0.98565 0.99278 0.99659
22278.90000 0.99349 0.99343 0.99714
22279.00000 1.00055 0.99411 0.99755
22279.10000 1.00273 0.99477 0.99787
22279.30000 1.03134 0.99593 0.99832
22279.40000 0.99570 0.99640 0.99848
22279.50000 1.00076 0.99679 0.99860
22279.60000 0.99723 0.99707 0.99864
22279.70000 0.98751 0.99714 0.99852
22279.80000 0.96312 0.99684 0.99809
22279.90000 0.94848 0.99604 0.99726
22280.10000 0.94934 0.99365 0.99497
22280.20000 0.95559 0.99297 0.99430
22280.30000 0.96791 0.99313 0.99437
22280.40000 0.98587 0.99407 0.99512
22280.50000 0.99136 0.99532 0.99615
22280.60000 0.99184 0.99610 0.99679
22280.70000 0.98316 0.99569 0.99642
22280.80000 0.97066 0.99391 0.99487
22281.00000 0.96062 0.98909 0.99070
22281.10000 0.95299 0.98801 0.98976
22281.20000 0.95261 0.98853 0.99020
22281.30000 0.97289 0.99049 0.99188
22281.40000 0.97477 0.99326 0.99425
22281.50000 0.95467 0.99593 0.99655
22281.60000 0.92917 0.99784 0.99818
22281.70000 0.91371 0.99886 0.99905
22281.90000 0.93505 0.99942 0.99953
22282.00000 0.95939 0.99947 0.99957
22282.10000 0.96811 0.99950 0.99959
22282.20000 0.96312 0.99952 0.99961
22282.30000 0.96225 0.99953 0.99962
22282.40000 0.98799 0.99955 0.99963
22282.50000 0.98756 0.99956 0.99964
22282.70000 0.99765 0.99958 0.99966
22282.80000 0.99103 0.99959 0.99966
22282.90000 0.98312 0.99960 0.99967
22283.00000 0.97470 0.99961 0.99968
22283.10000 0.97690 0.99962 0.99968
22283.20000 0.98147 0.99962 0.99969
22283.30000 0.97829 0.99963 0.99969
22283.40000 0.94988 0.99963 0.99970
22283.60000 0.92218 0.99964 0.99970
22283.70000 0.89607 0.99965 0.99971
22283.80000 0.91034 0.99965 0.99971
22283.90000 0.94165 0.99965 0.99971
22284.00000 0.96200 0.99965 0.99972
22284.10000 0.96736 0.99966 0.99972
22284.20000 0.97577 0.99966 0.99972
22284.30000 0.95965 0.99966 0.99972
22284.50000 0.93988 0.99965 0.99971
22284.60000 0.94211 0.99965 0.99971
22284.70000 0.94075 0.99963 0.99970
22284.80000 0.95497 0.99962 0.99969
22284.90000 0.95246 0.99958 0.99966
22285.00000 0.93782 0.99946 0.99957
22285.10000 0.96259 0.99907 0.99924
22285.20000 0.97195 0.99793 0.99827
22285.40000 0.97912 0.99093 0.99229
22285.50000 0.98250 0.98521 0.98741
22285.60000 0.98382 0.97980 0.98280
22285.70000 0.98952 0.97649 0.98003
22285.80000 0.97842 0.97638 0.98002
22285.90000 0.97159 0.97949 0.98278
22286.00000 0.97226 0.98473 0.98736
22286.20000 0.98961 0.99465 0.99596
22286.30000 0.99440 0.99715 0.99812
22286.40000 0.98366 0.99821 0.99906
22286.50000 0.97300 0.99850 0.99935
22286.60000 0.97622 0.99850 0.99940
22286.70000 0.97823 0.99843 0.99934
22286.80000 0.98040 0.99837 0.99921
22286.90000 0.98019 0.99835 0.99899
22287.10000 0.97457 0.99840 0.99813
22287.20000 0.98507 0.99841 0.99750
22287.30000 0.99606 0.99840 0.99684
22287.40000 1.00347 0.99837 0.99631
22287.50000 1.00383 0.99836 0.99607
22287.60000 1.00203 0.99834 0.99617
22287.70000 0.99820 0.99829 0.99654
22287.80000 0.99113 0.99804 0.99695
22288.00000 0.99274 0.99570 0.99620
22288.10000 0.99178 0.99320 0.99446
22288.20000 0.97868 0.99031 0.99222
22288.30000 0.96913 0.98795 0.99029
22288.40000 0.96329 0.98692 0.98942
22288.50000 0.98081 0.98758 0.98995
22288.60000 0.99967 0.98971 0.99175
22288.70000 1.00925 0.99263 0.99424
22288.90000 1.00630 0.99736 0.99830
22289.00000 1.05828 0.99844 0.99919
22289.10000 1.00041 0.99895 0.99956
22289.20000 0.99601 0.99919 0.99969
22289.30000 0.98123 0.99934 0.99974
22289.40000 0.98311 0.99946 0.99976
22289.50000 0.97706 0.99955 0.99977
22289.60000 0.99445 0.99962 0.99978
22289.80000 0.98591 0.99969 0.99979
22289.90000 0.99705 0.99971 0.99979
22290.00000 0.97167 0.99973 0.99980
22290.10000 0.95811 0.99974 0.99980
22290.20000 0.93989 0.99975 0.99981
22290.30000 0.93416 0.99976 0.99981
22290.40000 0.95273 0.99977 0.99982
22290.60000 0.97804 0.99978 0.99982
22290.70000 0.99285 0.99978 0.99983
22290.80000 0.99549 0.99979 0.99983
22290.90000 0.98714 0.99979 0.99982
22291.00000 0.98544 0.99979 0.99982
22291.10000 0.98069 0.99979 0.99982
22291.20000 0.97940 0.99979 0.99982
22291.30000 0.98178 0.99979 0.99982
22291.50000 0.99318 0.99979 0.99983
22291.60000 0.98795 0.99980 0.99983
22291.70000 0.96601 0.99980 0.99983
22291.80000 0.96336 0.99980 0.99983
22291.90000 0.96373 0.99980 0.99983
22292.00000 0.96939 0.99980 0.99983
22292.10000 0.96884 0.99980 0.99983
22292.20000 0.96030 0.99980 0.99983
22292.40000 0.94389 0.99980 0.99983
22292.50000 0.95602 0.99980 0.99983
22292.60000 0.97185 0.99979 0.99983
22292.70000 0.99153 0.99979 0.99983
22292.80000 0.99046 0.99979 0.99983
22292.90000 0.98039 0.99979 0.99982
22293.00000 0.99425 0.99978 0.99982
22293.10000 0.99836 0.99977 0.99981
22293.30000 1.00026 0.99975 0.99979
22293.40000 0.97630 0.99971 0.99976
22293.50000 0.97147 0.99960 0.99967
22293.60000 0.97252 0.99928 0.99941
22293.70000 0.97913 0.99853 0.99878
22293.80000 0.98559 0.99713 0.99758
22293.90000 0.98790 0.99518 0.99589
22294.00000 0.99692 0.99319 0.99415
22294.20000 0.99692 0.99178 0.99291
22294.30000 0.98900 0.99292 0.99390
22294.40000 0.98062 0.99485 0.99558
22294.50000 0.96962 0.99685 0.99732
22294.60000 0.95595 0.99834 0.99860
22294.70000 0.94753 0.99915 0.99931
22294.80000 0.95550 0.99948 0.99960
22294.90000 0.96978 0.99957 0.99968
22295.10000 0.98230 0.99941 0.99956
22295.20000 0.98038 0.99902 0.99923
22295.30000 0.99227 0.99821 0.99855
22295.40000 0.97018 0.99694 0.99748
22295.50000 0.96627 0.99548 0.99625
22295.60000 0.95930 0.99429 0.99527
22295.70000 0.95635 0.99382 0.99490
22295.90000 0.94462 0.99530 0.99627
22296.00000 0.93855 0.99659 0.99746
22296.10000 0.94046 0.99760 0.99845
22296.20000 0.94168 0.99811 0.99906
22296.30000 0.95225 0.99816 0.99927
22296.40000 0.96550 0.99783 0.99914
22296.50000 0.97876 0.99712 0.99866
22296.60000 0.98572 0.99604 0.99783
22296.80000 0.96893 0.99350 0.99583
22296.90000 0.96370 0.99278 0.99528
22297.00000 0.96126 0.99278 0.99533
22297.10000 0.97455 0.99340 0.99590
22297.20000 0.98556 0.99432 0.99674
22297.30000 0.98864 0.99515 0.99748
22297.40000 0.98528 0.99566 0.99790
22297.50000 0.98846 0.99585 0.99795
22297.70000 0.98550 0.99597 0.99710
22297.80000 0.97698 0.99608 0.99625
22297.90000 0.98120 0.99624 0.99509
22298.00000 0.96665 0.99640 0.99367
22298.10000 0.97455 0.99654 0.99217
22298.20000 0.98805 0.99663 0.99090
22298.30000 0.98469 0.99667 0.99020
22298.40000 0.99657 0.99667 0.99024
22298.60000 1.00512 0.99653 0.99230
22298.70000 0.99966 0.99639 0.99381
22298.80000 0.99846 0.99623 0.99522
22298.90000 0.98602 0.99608 0.99634
22299.00000 0.97387 0.99599 0.99716
22299.10000 0.97782 0.99599 0.99775
22299.20000 0.97507 0.99610 0.99818
22299.30000 0.96922 0.99630 0.99850
22299.50000 0.95024 0.99684 0.99892
22299.60000 0.93160 0.99708 0.99906
22299.70000 0.94181 0.99728 0.99916
22299.80000 0.96450 0.99738 0.99919
22299.90000 0.99504 0.99734 0.99910
22300.00000 0.99575 0.99705 0.99878
22300.10000 0.98812 0.99646 0.99820
22300.20000 0.98568 0.99569 0.99743
22300.40000 0.99279 0.99479 0.99635
22300.50000 1.00803 0.99513 0.99648
22300.60000 1.00049 0.99599 0.99707
22300.70000 0.99682 0.99709 0.99790
22300.80000 0.99497 0.99810 0.99868
22300.90000 0.99133 0.99881 0.99922
22301.00000 0.99467 0.99921 0.99951
22301.10000 0.99510 0.99939 0.99963
22301.30000 1.00265 0.99952 0.99970
22301.40000 1.00142 0.99955 0.99971
22301.50000 1.00306 0.99957 0.99971
22301.60000 1.00373 0.99957 0.99970
22301.70000 0.97670 0.99954 0.99966
22301.80000 1.00970 0.99938 0.99952
22301.90000 1.00900 0.99890 0.99910
22302.00000 1.01128 0.99783 0.99817
22302.20000 1.00483 0.99387 0.99477
22302.30000 1.00212 0.99201 0.99317
22302.40000 0.99714 0.99121 0.99247
22302.50000 0.98903 0.99177 0.99295
22302.60000 0.98173 0.99347 0.99442
22302.70000 0.98123 0.99565 0.99629
22302.80000 0.98994 0.99756 0.99793
22302.90000 0.98888 0.99878 0.99898
22303.10000 0.98587 0.99959 0.99967
22303.20000 0.99304 0.99966 0.99973
22303.30000 0.98961 0.99969 0.99976
22303.40000 0.99064 0.99970 0.99977
22303.50000 0.98841 0.99970 0.99977
22303.60000 0.99009 0.99970 0.99977
22303.70000 0.97673 0.99970 0.99977
22303.80000 0.98033 0.99970 0.99977
22304.00000 0.97833 0.99970 0.99977
22304.10000 0.96935 0.99969 0.99977
22304.20000 0.95406 0.99969 0.99976
22304.30000 0.96654 0.99968 0.99976
22304.40000 0.98177 0.99967 0.99976
22304.50000 0.99000 0.99966 0.99975
22304.60000 0.99845 0.99965 0.99975
22304.70000 0.99645 0.99964 0.99974
22304.90000 0.99599 0.99960 0.99972
22305.00000 0.99972 0.99955 0.99968
22305.10000 0.99097 0.99944 0.99959
22305.20000 0.98346 0.99917 0.99936
22305.30000 0.96722 0.99864 0.99893
22305.40000 0.96461 0.99788 0.99828
22305.50000 0.95856 0.99702 0.99756
22305.60000 0.94705 0.99634 0.99700
22305.80000 0.96236 0.99615 0.99693
22305.90000 0.97966 0.99667 0.99745
22306.00000 0.99675 0.99734 0.99811
22306.10000 1.00070 0.99787 0.99866
22306.20000 0.99509 0.99797 0.99884
22306.30000 1.00524 0.99735 0.99837
22306.40000 0.98865 0.99579 0.99706
22306.50000 0.97132 0.99332 0.99493
22306.70000 0.96264 0.98819 0.99049
22306.80000 0.96674 0.98716 0.98961
22306.90000 0.97085 0.98765 0.99010
22307.00000 0.96907 0.98940 0.99171
22307.10000 0.97945 0.99162 0.99375
22307.20000 0.98721 0.99337 0.99537
22307.30000 0.99663 0.99413 0.99612
22307.40000 0.98216 0.99403 0.99611
22307.60000 0.95959 0.99280 0.99559
22307.70000 0.94744 0.99143 0.99561
22307.80000 0.95341 0.98832 0.99579
22307.90000 0.96397 0.98243 0.99596
22308.00000 0.96774 0.97387 0.99598
22308.10000 0.96496 0.96434 0.99591
22308.20000 0.96144 0.95675 0.99586
22308.30000 0.95826 0.95402 0.99593
22308.50000 0.95375 0.96516 0.99655
22308.60000 0.95321 0.97458 0.99695
22308.70000 0.94310 0.98257 0.99728
22308.80000 0.94806 0.98698 0.99750
22308.90000 0.95133 0.98656 0.99761
22309.00000 0.94194 0.98069 0.99760
22309.10000 0.94361 0.96968 0.99749
22309.20000 0.95114 0.95544 0.99727
22309.40000 0.95442 0.93259 0.99626
22309.50000 0.95393 0.93168 0.99510
22309.60000 0.94746 0.93869 0.99314
22309.70000 0.94734 0.95020 0.99028
22309.80000 0.94327 0.96200 0.98657
22309.90000 0.95396 0.97085 0.98160
22310.00000 0.95210 0.97486 0.97334
22310.10000 0.95829 0.97319 0.95775
22310.20000 0.98410 0.96594 0.93103
22310.40000 0.98591 0.94001 0.84938
22310.50000 0.96433 0.92702 0.81097
22310.60000 0.92474 0.91948 0.79161
22310.70000 0.90900 0.92037 0.79975
22310.80000 0.91236 0.92927 0.83153
22310.90000 0.92612 0.94298 0.87453
22311.00000 0.94436 0.95765 0.91635
22311.10000 0.94582 0.96986 0.94895
22311.30000 0.95372 0.97703 0.97990
22311.40000 0.95266 0.97022 0.98431
22311.50000 0.94617 0.95823 0.98625
22311.60000 0.93902 0.94473 0.98766
22311.70000 0.94627 0.93457 0.98939
22311.80000 0.94564 0.93209 0.99165
22311.90000 0.95326 0.93853 0.99410
22312.00000 0.95611 0.95127 0.99612
22312.20000 0.94973 0.97782 0.99799
22312.30000 0.93888 0.98521 0.99832
22312.40000 0.92783 0.98720 0.99853
22312.50000 0.92802 0.98416 0.99869
22312.60000 0.93101 0.97711 0.99882
22312.70000 0.94244 0.96792 0.99893
22312.80000 1.16254 0.95935 0.99902
22312.90000 0.95796 0.95455 0.99910
22313.10000 0.96315 0.96228 0.99924
22313.20000 0.97061 0.97200 0.99929
22313.30000 0.98092 0.98178 0.99934
22313.40000 0.97953 0.98940 0.99938
22313.50000 0.98614 0.99408 0.99942
22313.60000 0.98178 0.99634 0.99946
22313.70000 0.98294 0.99724 0.99948
22313.80000 0.97424 0.99760 0.99951
22314.00000 0.96055 0.99809 0.99955
22314.10000 0.95788 0.99839 0.99957
22314.20000 0.95307 0.99871 0.99959
22314.30000 0.95357 0.99899 0.99961
22314.40000 0.95860 0.99918 0.99963
22314.50000 0.96331 0.99930 0.99965
22314.60000 0.96426 0.99937 0.99966
22314.70000 0.97798 0.99942 0.99968
22314.90000 0.98372 0.99949 0.99970
22315.00000 0.98290 0.99952 0.99971
22315.10000 0.98136 0.99955 0.99972
22315.20000 0.98066 0.99958 0.99973
22315.30000 0.98064 0.99960 0.99974
22315.40000 0.97277 0.99962 0.99975
22315.50000 0.98138 0.99964 0.99976
22315.60000 0.97966 0.99965 0.99976
22315.70000 0.98840 0.99967 0.99977
22315.90000 0.97937 0.99969 0.99978
22316.00000 0.97791 0.99970 0.99979
22316.10000 0.97565 0.99971 0.99979
22316.20000 0.97852 0.99972 0.99980
22316.30000 0.97825 0.99973 0.99980
22316.40000 0.97414 0.99974 0.99981
22316.50000 0.96709 0.99975 0.99981
22316.60000 0.95222 0.99976 0.99982
22316.80000 0.96906 0.99977 0.99983
22316.90000 0.96684 0.99978 0.99983
22317.00000 0.97289 0.99978 0.99983
22317.10000 0.97760 0.99979 0.99984
22317.20000 0.99015 0.99980 0.99984
22317.30000 1.02068 0.99980 0.99984
22317.40000 0.99855 0.99980 0.99984
22317.50000 0.97508 0.99981 0.99985
22317.70000 1.02279 0.99982 0.99985
22317.80000 1.04867 0.99982 0.99985
22317.90000 1.04294 0.99982 0.99985
22318.00000 1.01254 0.99982 0.99986
22318.10000 1.01617 0.99983 0.99986
22318.20000 1.00636 0.99983 0.99986
22318.30000 0.98361 0.99983 0.99986
22318.40000 0.98256 0.99983 0.99986
22318.60000 0.99991 0.99983 0.99986
22318.70000 0.98861 0.99983 0.99986
22318.80000 0.99693 0.99983 0.99986
22318.90000 0.99027 0.99983 0.99986
22319.00000 0.98752 0.99982 0.99985
22319.10000 0.96174 0.99981 0.99984
22319.20000 0.94596 0.99978 0.99982
22319.30000 0.98229 0.99969 0.99974
22319.40000 0.99307 0.99938 0.99948
22319.60000 0.98239 0.99650 0.99701
22319.70000 0.98248 0.99304 0.99404
22319.80000 0.98527 0.98859 0.99020
22319.90000 0.99822 0.98438 0.98658
22320.00000 0.99545 0.98183 0.98439
22320.10000 0.98410 0.98180 0.98437
22320.20000 0.98376 0.98430 0.98651
22320.30000 0.97796 0.98849 0.99012
22320.50000 0.98136 0.99645 0.99696
22320.60000 0.98541 0.99849 0.99870
22320.70000 0.99982 0.99938 0.99947
22320.80000 0.99605 0.99967 0.99972
22320.90000 0.98101 0.99967 0.99972
22321.00000 0.97328 0.99948 0.99955
22321.10000 0.97266 0.99902 0.99916
22321.20000 0.98194 0.99828 0.99853
22321.40000 0.98141 0.99655 0.99704
22321.50000 0.99727 0.99613 0.99668
22321.60000 0.99623 0.99627 0.99680
22321.70000 0.99684 0.99692 0.99735
22321.80000 0.99169 0.99783 0.99814
22321.90000 0.99929 0.99870 0.99889
22322.00000 0.99210 0.99932 0.99942
22322.10000 0.99921 0.99966 0.99971
22322.20000 0.99491 0.99981 0.99983
22322.40000 0.98490 0.99987 0.99989
22322.50000 0.97232 0.99988 0.99990
22322.60000 0.96601 0.99988 0.99990
22322.70000 0.95811 0.99989 0.99990
22322.80000 0.94963 0.99989 0.99991
22322.90000 0.95551 0.99989 0.99991
22323.00000 0.96541 0.99989 0.99991
22323.10000 0.96577 0.99989 0.99991
22323.30000 0.95329 0.99990 0.99991
22323.40000 0.95142 0.99990 0.99991
22323.50000 0.95900 0.99990 0.99992
22323.60000 0.97317 0.99990 0.99992
22323.70000 0.96046 0.99990 0.99992
22323.80000 0.94483 0.99990 0.99992
22323.90000 0.93842 0.99990 0.99992
22324.00000 0.81309 0.99990 0.99992
22324.10000 0.93469 0.99990 0.99992
22324.30000 0.96062 0.99990 0.99991
22324.40000 0.96317 0.99990 0.99991
22324.50000 0.97944 0.99990 0.99992
22324.60000 0.98054 0.99990 0.99992
22324.70000 0.98053 0.99990 0.99992
22324.80000 0.97169 0.99990 0.99992
22324.90000 0.97685 0.99990 0.99992
22325.00000 0.98116 0.99990 0.99992
22325.20000 0.97678 0.99990 0.99992
22325.30000 0.98396 0.99990 0.99992
22325.40000 0.99407 0.99990 0.99992
22325.50000 0.99079 0.99990 0.99992
22325.60000 0.99990 0.99990 0.99992
22325.70000 0.98932 0.99990 0.99991
22325.80000 0.96720 0.99990 0.99991
22325.90000 0.96615 0.99990 0.99991
22326.00000 0.97996 0.99989 0.99991
22326.20000 0.98102 0.99988 0.99990
22326.30000 0.98926 0.99987 0.99989
22326.40000 0.98271 0.99986 0.99988
22326.50000 0.98787 0.99980 0.99983
22326.60000 0.98493 0.99962 0.99967
22326.70000 0.98814 0.99902 0.99916
22326.80000 0.98118 0.99752 0.99787
22326.90000 0.97444 0.99462 0.99538
22327.10000 0.96969 0.98597 0.98795
22327.20000 0.96786 0.98265 0.98510
22327.30000 0.97211 0.98162 0.98421
22327.40000 0.95932 0.98321 0.98557
22327.50000 0.97483 0.98689 0.98874
22327.60000 0.96001 0.99142 0.99262
22327.70000 0.92217 0.99536 0.99602
22327.80000 0.89475 0.99793 0.99822
22327.90000 0.88376 0.99919 0.99931
22328.10000 0.88685 0.99981 0.99984
22328.20000 0.89942 0.99986 0.99988
22328.30000 0.92489 0.99988 0.99989
22328.40000 0.96692 0.99989 0.99990
22328.50000 0.86562 0.99989 0.99991
22328.60000 0.99976 0.99990 0.99991
22328.70000 1.00418 0.99990 0.99991
22328.80000 0.99139 0.99990 0.99992
22329.00000 0.98600 0.99991 0.99992
22329.10000 0.99306 0.99991 0.99992
22329.20000 0.98911 0.99991 0.99992
22329.30000 0.97576 0.99991 0.99992
22329.40000 0.97104 0.99991 0.99992
22329.50000 0.98100 0.99991 0.99992
22329.60000 0.98135 0.99991 0.99992
22329.70000 0.94128 0.99991 0.99992
22329.80000 0.99041 0.99991 0.99992
22330.00000 0.99003 0.99991 0.99992
22330.10000 0.98542 0.99991 0.99992
22330.20000 0.98695 0.99991 0.99992
22330.30000 0.98040 0.99990 0.99992
22330.40000 0.99145 0.99990 0.99992
22330.50000 1.00347 0.99990 0.99991
22330.60000 1.02141 0.99989 0.99991
22330.70000 1.00751 0.99988 0.99989
22330.90000 0.98154 0.99970 0.99975
22331.00000 1.00414 0.99929 0.99939
22331.10000 1.00597 0.99825 0.99849
22331.20000 0.98362 0.99625 0.99678
22331.30000 0.96028 0.99337 0.99430
22331.40000 0.93755 0.99030 0.99166
22331.50000 0.93729 0.98804 0.98973
22331.60000 0.93592 0.98735 0.98913
22331.70000 0.94053 0.98845 0.99008
22331.90000 0.95142 0.99407 0.99491
22332.00000 0.96415 0.99677 0.99723
22332.10000 0.96134 0.99853 0.99874
22332.20000 0.95485 0.99939 0.99948
22332.30000 0.93990 0.99972 0.99976
22332.40000 0.94716 0.99984 0.99986
22332.50000 0.95885 0.99987 0.99989
22332.60000 0.97182 0.99989 0.99990
22332.80000 0.98205 0.99990 0.99991
22332.90000 0.98207 0.99990 0.99991
22333.00000 0.96676 0.99990 0.99992
22333.10000 0.95325 0.99990 0.99992
22333.20000 0.95126 0.99990 0.99992
22333.30000 0.96401 0.99990 0.99992
22333.40000 0.97887 0.99990 0.99991
22333.50000 0.97799 0.99990 0.99991
22333.60000 0.97326 0.99989 0.99991
22333.80000 0.97508 0.99988 0.99990
22333.90000 0.95782 0.99986 0.99988
22334.00000 0.95525 0.99982 0.99985
22334.10000 0.96211 0.99970 0.99974
22334.20000 0.95889 0.99933 0.99943
22334.30000 0.97041 0.99834 0.99857
22334.40000 0.97178 0.99612 0.99666
22334.50000 0.97640 0.99236 0.99344
22334.60000 0.97324 0.98759 0.98934
22334.80000 0.97426 0.98058 0.98331
22334.90000 0.98376 0.98068 0.98340
22335.00000 0.99669 0.98345 0.98578
22335.10000 0.83069 0.98792 0.98962
22335.20000 0.97889 0.99246 0.99352
22335.30000 0.95767 0.99561 0.99623
