22069.20000 1.01795 1.00092 0.99528
22069.30000 1.01201 1.00216 0.99627
22069.40000 0.99938 1.00263 0.99665
22069.60000 0.99822 1.00281 0.99680
22069.80000 0.98314 1.00284 0.99683
22069.80000 0.99985 1.00284 0.99683
22069.90000 0.99304 1.00284 0.99684
22070.00000 0.98830 1.00283 0.99684
22070.10000 0.95941 1.00281 0.99684
22070.20000 0.95058 1.00277 0.99684
22070.40000 0.95489 1.00262 0.99682
22070.50000 0.96669 1.00247 0.99680
22070.60000 0.93609 1.00224 0.99678
22070.80000 0.90871 1.00140 0.99671
22070.80000 0.87628 1.00140 0.99671
22070.90000 0.88727 1.00077 0.99666
22071.00000 0.91376 1.00003 0.99660
22071.20000 0.94251 0.99833 0.99642
22071.30000 0.96176 0.99741 0.99630
22071.40000 0.96836 0.99649 0.99616
22071.50000 0.98367 0.99563 0.99597
22071.60000 0.97319 0.99491 0.99572
22071.80000 0.97483 0.99405 0.99475
22071.80000 0.98216 0.99405 0.99475
22072.00000 0.97401 0.99388 0.99202
22072.10000 0.97114 0.99378 0.98932
22072.20000 0.94856 0.99351 0.98556
22072.30000 0.95510 0.99305 0.98118
22072.40000 0.97153 0.99252 0.97718
22072.50000 0.97814 0.99209 0.97475
22072.80000 0.98328 0.99228 0.98066
22072.80000 0.99152 0.99228 0.98066
22072.90000 0.99270 0.99253 0.98457
22073.00000 0.99852 0.99264 0.98762
22073.10000 1.00710 0.99258 0.98942
22073.20000 1.00475 0.99245 0.99025
22073.30000 0.98977 0.99242 0.99067
22073.50000 0.99175 0.99304 0.99189
22073.60000 0.97029 0.99366 0.99285
22073.80000 0.94311 0.99514 0.99463
22073.80000 0.82467 0.99514 0.99463
22073.90000 0.90767 0.99582 0.99514
22074.00000 0.94343 0.99643 0.99542
22074.20000 0.95316 0.99745 0.99556
22074.30000 0.95778 0.99791 0.99547
22074.40000 0.95963 0.99835 0.99525
22074.50000 0.95638 0.99875 0.99483
22074.60000 0.95683 0.99909 0.99423
22074.80000 0.95673 0.99947 0.99297
22074.80000 0.94419 0.99947 0.99297
22075.00000 0.91635 0.99958 0.99281
22075.10000 0.91303 0.99956 0.99325
22075.20000 0.94576 0.99948 0.99386
22075.30000 0.97334 0.99939 0.99441
22075.40000 0.96910 0.99932 0.99478
22075.50000 0.96103 0.99935 0.99496
22075.80000 0.94073 0.99979 0.99494
22075.80000 0.91695 0.99979 0.99494
22075.90000 0.91938 0.99983 0.99486
22076.00000 0.92610 0.99973 0.99478
22076.10000 0.92889 0.99950 0.99468
22076.20000 0.93582 0.99920 0.99457
22076.30000 0.92424 0.99889 0.99446
22076.50000 0.89041 0.99849 0.99419
22076.60000 0.90412 0.99842 0.99403
22076.80000 0.93454 0.99834 0.99363
22076.80000 0.95391 0.99834 0.99363
22076.90000 0.93957 0.99822 0.99333
22077.00000 0.92187 0.99800 0.99290
22077.20000 0.90212 0.99730 0.99159
22077.30000 0.89148 0.99690 0.99088
22077.40000 0.88928 0.99654 0.99034
22077.50000 0.87252 0.99624 0.99008
22077.60000 0.87877 0.99602 0.99012
22077.80000 0.89247 0.99566 0.99069
22077.80000 0.91390 0.99566 0.99069
22078.00000 0.92652 0.99508 0.99097
22078.10000 0.92477 0.99463 0.99087
22078.20000 0.91865 0.99406 0.99066
22078.30000 0.92875 0.99342 0.99039
22078.40000 0.93106 0.99272 0.99007
22078.50000 0.95047 0.99200 0.98972
22078.80000 0.93641 0.98934 0.98843
22078.80000 0.92593 0.98934 0.98843
22078.90000 0.94670 0.98809 0.98790
22079.00000 0.95556 0.98659 0.98730
22079.10000 0.96065 0.98480 0.98658
22079.20000 0.95885 0.98278 0.98562
22079.30000 0.94613 0.98069 0.98414
22079.50000 0.93216 0.97711 0.97799
22079.60000 0.92140 0.97580 0.97324
22079.80000 0.92937 0.97364 0.96530
22079.80000 0.93626 0.97364 0.96530
22079.90000 0.92583 0.97234 0.96446
22080.00000 0.90510 0.97079 0.96603
22080.20000 0.88912 0.96782 0.97209
22080.30000 0.88066 0.96669 0.97406
22080.40000 0.86793 0.96575 0.97468
22080.50000 0.86286 0.96484 0.97427
22080.60000 0.89186 0.96369 0.97325
22080.80000 0.89685 0.96000 0.97026
22080.90000 0.89299 0.95735 0.96842
22081.00000 0.89189 0.95410 0.96636
22081.10000 0.89923 0.95020 0.96407
22081.20000 0.89308 0.94559 0.96152
22081.30000 0.89498 0.94023 0.95869
22081.40000 0.88970 0.93403 0.95554
22081.50000 0.86161 0.92694 0.95202
22081.80000 0.84733 0.89933 0.93877
22081.80000 0.82929 0.89933 0.93877
22081.90000 0.80122 0.88765 0.93323
22082.00000 0.81068 0.87453 0.92698
22082.10000 0.81280 0.85982 0.91994
22082.20000 0.81486 0.84340 0.91200
22082.40000 0.80396 0.80663 0.89298
22082.50000 0.78942 0.78760 0.88171
22082.60000 0.76963 0.76918 0.86917
22082.80000 0.74833 0.73729 0.84014
22082.80000 0.72860 0.73729 0.84014
22082.90000 0.72287 0.72523 0.82364
22083.10000 0.72855 0.71255 0.78637
22083.20000 0.73667 0.71406 0.76609
22083.30000 0.76455 0.72099 0.74609
22083.40000 0.78822 0.73093 0.72816
22083.50000 0.79418 0.74032 0.71432
22083.60000 0.79007 0.74616 0.70637
22083.80000 0.77405 0.74213 0.71182
22083.90000 0.75684 0.73337 0.72439
22084.00000 0.73959 0.72324 0.74152
22084.10000 0.73328 0.71530 0.76121
22084.20000 0.72877 0.71239 0.78157
22084.30000 0.73526 0.71522 0.80121
22084.40000 0.72625 0.72285 0.81948
22084.60000 0.71791 0.74841 0.85182
22084.80000 0.72694 0.78315 0.87886
22084.80000 0.73281 0.78315 0.87886
22084.90000 0.74763 0.80211 0.89044
22085.00000 0.77983 0.82109 0.90079
22085.10000 0.81244 0.83930 0.91001
22085.30000 0.84438 0.87126 0.92545
22085.40000 0.86780 0.88476 0.93189
22085.50000 0.88492 0.89679 0.93761
22085.60000 0.87559 0.90748 0.94270
22085.80000 0.89092 0.92532 0.95129
22085.80000 0.89713 0.92532 0.95129
22086.00000 0.91409 0.93918 0.95816
22086.10000 0.91827 0.94490 0.96108
22086.20000 0.93785 0.94996 0.96372
22086.30000 0.92852 0.95443 0.96611
22086.40000 0.93546 0.95839 0.96828
22086.50000 0.93615 0.96189 0.97025
22086.80000 0.93488 0.96985 0.97514
22086.80000 0.94220 0.96985 0.97514
22086.90000 0.94864 0.97168 0.97650
22087.00000 0.94918 0.97323 0.97773
22087.10000 0.95089 0.97464 0.97880
22087.20000 0.96007 0.97591 0.97957
22087.40000 0.95539 0.97660 0.97894
22087.50000 0.96703 0.97530 0.97712
22087.60000 0.97107 0.97343 0.97481
22087.80000 0.96762 0.97241 0.97203
22087.80000 0.96989 0.97241 0.97203
22087.90000 0.96555 0.97464 0.97273
22088.00000 0.97091 0.97831 0.97484
22088.20000 0.96918 0.98546 0.98058
22088.30000 0.97304 0.98716 0.98271
22088.40000 0.97676 0.98716 0.98363
22088.50000 0.98867 0.98555 0.98313
22088.60000 0.99124 0.98293 0.98165
22088.80000 0.97862 0.97938 0.97984
22088.90000 0.97605 0.98028 0.98098
22089.00000 0.97690 0.98294 0.98340
22089.10000 0.96386 0.98631 0.98628
22089.20000 0.96917 0.98902 0.98872
22089.30000 0.97244 0.99015 0.99029
22089.40000 0.97097 0.98962 0.99107
22089.60000 0.97423 0.98535 0.99152
22089.80000 0.96559 0.97782 0.99116
22089.80000 0.95218 0.97782 0.99116
22089.90000 0.94288 0.97255 0.99036
22090.00000 0.92637 0.96683 0.98865
22090.10000 0.93315 0.96193 0.98559
22090.30000 0.96878 0.96083 0.97657
22090.40000 0.97153 0.96571 0.97298
22090.50000 0.97800 0.97266 0.97171
22090.60000 0.98617 0.97974 0.97317
22090.80000 0.98551 0.98845 0.98126
22090.80000 0.98380 0.98845 0.98126
22091.00000 0.97548 0.98497 0.98303
22091.10000 0.97091 0.97961 0.97512
22091.20000 0.97544 0.97361 0.95992
22091.30000 0.98132 0.96812 0.94070
22091.40000 0.96943 0.96444 0.92405
22091.50000 0.96547 0.96409 0.91659
22091.80000 0.96521 0.98044 0.95668
22091.80000 0.96415 0.98044 0.95668
22091.90000 0.96260 0.98645 0.97450
22092.00000 0.96661 0.99155 0.98625
22092.10000 0.95560 0.99540 0.99206
22092.20000 0.96522 0.99725 0.99434
22092.40000 0.94662 0.99282 0.99557
22092.50000 0.93135 0.98680 0.99582
22092.60000 0.92637 0.97965 0.99600
22092.80000 0.94754 0.96997 0.99630
22092.80000 0.97145 0.96997 0.99630
22092.90000 0.98485 0.97087 0.99642
22093.10000 0.96798 0.98289 0.99663
22093.20000 0.95989 0.99016 0.99672
22093.30000 0.95829 0.99598 0.99680
22093.40000 0.96340 0.99972 0.99687
22093.50000 0.97232 1.00167 0.99694
22093.60000 0.97488 1.00253 0.99701
22093.80000 0.95370 1.00310 0.99713
22093.90000 0.96090 1.00323 0.99719
22094.00000 0.95642 1.00334 0.99725
22094.10000 0.96348 1.00343 0.99731
22094.20000 0.96252 1.00351 0.99736
22094.30000 0.95799 1.00358 0.99742
22094.50000 0.94228 1.00372 0.99751
22094.60000 0.93679 1.00379 0.99755
22094.80000 0.93658 1.00391 0.99764
22094.80000 0.95432 1.00391 0.99764
22094.90000 0.96936 1.00396 0.99768
22095.00000 0.98223 1.00401 0.99772
22095.20000 0.98924 1.00411 0.99780
22095.30000 0.99381 1.00416 0.99783
22095.40000 0.99043 1.00421 0.99787
22095.50000 0.99714 1.00425 0.99790
22095.60000 0.98669 1.00429 0.99793
22095.80000 0.97935 1.00437 0.99800
22095.90000 0.97612 1.00441 0.99803
22096.00000 0.98504 1.00445 0.99806
22096.10000 0.98517 1.00448 0.99809
22096.20000 1.01012 1.00451 0.99811
22096.30000 1.00119 1.00454 0.99814
22096.40000 0.99230 1.00457 0.99816
22096.60000 0.98958 1.00462 0.99821
22096.80000 0.97689 1.00465 0.99825
22096.80000 0.97333 1.00465 0.99825
22096.80000 0.97317 1.00465 0.99825
22097.00000 0.97192 1.00460 0.99830
22097.10000 0.98139 1.00452 0.99831
22097.30000 0.98212 1.00414 0.99835
22097.40000 0.98239 1.00387 0.99836
22097.50000 0.96174 1.00364 0.99837
22097.60000 0.96916 1.00349 0.99837
22097.80000 0.96629 1.00351 0.99837
22097.80000 0.98010 1.00351 0.99837
22098.00000 0.98749 1.00369 0.99832
22098.10000 1.00399 1.00375 0.99826
22098.20000 1.01381 1.00378 0.99813
22098.30000 0.98738 1.00380 0.99786
22098.40000 0.97174 1.00377 0.99735
22098.60000 0.97717 1.00355 0.99544
22098.60000 0.97864 1.00355 0.99544
22098.80000 0.98906 1.00338 0.99371
22098.90000 0.98920 1.00339 0.99360
22099.00000 0.98856 1.00346 0.99411
22099.10000 0.98601 1.00359 0.99508
22099.30000 0.96836 1.00390 0.99716
22099.40000 0.93866 1.00399 0.99783
22099.50000 0.92542 1.00402 0.99822
22099.60000 0.92278 1.00404 0.99843
22099.80000 0.93068 1.00399 0.99862
22099.80000 0.94380 1.00399 0.99862
22100.00000 0.96258 1.00390 0.99871
22100.10000 0.97427 1.00394 0.99875
22100.20000 0.98110 1.00408 0.99877
22100.20000 0.98041 1.00408 0.99877
22100.30000 0.95278 1.00433 0.99879
22100.50000 0.92180 1.00492 0.99883
22100.60000 0.90116 1.00514 0.99885
22100.80000 0.90954 1.00538 0.99888
22100.90000 0.93972 1.00544 0.99889
22101.00000 0.97022 1.00548 0.99890
22101.10000 0.98511 1.00551 0.99891
22101.20000 0.98869 1.00553 0.99892
22101.40000 0.98971 1.00557 0.99894
22101.50000 0.98764 1.00558 0.99895
22101.60000 0.98525 1.00560 0.99896
22101.80000 0.99026 1.00562 0.99897
22101.80000 0.99159 1.00562 0.99897
22101.90000 0.98024 1.00563 0.99898
22102.10000 0.97181 1.00565 0.99900
22102.20000 0.98121 1.00566 0.99900
22102.20000 0.99276 1.00566 0.99900
22102.40000 0.98914 1.00568 0.99902
22102.50000 0.99002 1.00568 0.99902
22102.60000 0.97660 1.00569 0.99903
22102.80000 0.96557 1.00570 0.99905
22102.90000 0.98719 1.00571 0.99905
22103.00000 0.99940 1.00572 0.99906
22103.10000 0.99890 1.00572 0.99906
22103.20000 0.98455 1.00573 0.99906
22103.40000 0.97113 1.00574 0.99907
22103.50000 0.96887 1.00575 0.99907
22103.60000 0.99092 1.00575 0.99908
22103.80000 0.99968 1.00576 0.99908
22103.80000 0.99965 1.00576 0.99908
22103.80000 1.00158 1.00576 0.99908
22104.00000 0.99728 1.00576 0.99909
22104.10000 1.00679 1.00576 0.99909
22104.20000 1.00355 1.00577 0.99909
22104.30000 0.99703 1.00577 0.99909
22104.40000 0.99471 1.00577 0.99909
22104.50000 0.99563 1.00577 0.99909
22104.80000 0.98665 1.00577 0.99909
22104.80000 0.97802 1.00577 0.99909
22104.90000 0.97677 1.00577 0.99909
22105.10000 0.98854 1.00576 0.99909
22105.20000 0.97811 1.00576 0.99909
22105.20000 0.97037 1.00576 0.99909
22105.50000 0.95900 1.00575 0.99908
22105.50000 0.96944 1.00575 0.99908
22105.60000 0.96357 1.00574 0.99908
22105.80000 0.96087 1.00572 0.99906
22105.80000 0.99420 1.00572 0.99906
22105.90000 0.97644 1.00570 0.99905
22106.10000 0.98155 1.00567 0.99902
22106.20000 0.98374 1.00565 0.99901
22106.30000 0.96841 1.00563 0.99899
22106.40000 0.94400 1.00562 0.99898
22106.60000 0.92399 1.00558 0.99895
22106.80000 0.90770 1.00553 0.99892
22106.80000 0.95401 1.00553 0.99892
22107.00000 0.94130 1.00545 0.99888
22107.10000 0.92138 1.00540 0.99885
22107.20000 0.92898 1.00534 0.99882
22107.20000 0.93326 1.00534 0.99882
22107.40000 0.92733 1.00520 0.99874
22107.50000 0.94587 1.00511 0.99869
22107.60000 0.96364 1.00500 0.99864
22107.80000 0.97279 1.00473 0.99848
22107.80000 0.97687 1.00473 0.99848
22107.90000 0.97055 1.00454 0.99838
22108.20000 0.96539 1.00345 0.99805
22108.20000 0.97899 1.00345 0.99805
22108.30000 0.96485 1.00275 0.99789
22108.40000 0.95283 1.00170 0.99769
22108.60000 0.95184 0.99789 0.99705
22108.60000 0.97106 0.99789 0.99705
22108.90000 0.96467 0.99083 0.99485
22109.00000 0.96072 0.98998 0.99327
22109.00000 0.95209 0.98998 0.99327
22109.10000 0.94988 0.99001 0.99080
22109.20000 0.95735 0.99036 0.98707
22109.40000 0.95422 0.98993 0.97653
22109.50000 0.95875 0.98918 0.97173
22109.60000 0.96075 0.98861 0.96906
22109.80000 0.96215 0.98869 0.97233
22109.80000 0.95234 0.98869 0.97233
22109.90000 0.96117 0.98896 0.97720
22110.20000 0.94895 0.98688 0.98999
22110.20000 0.96739 0.98688 0.98999
22110.30000 0.96996 0.98599 0.99181
22110.50000 0.97414 0.98641 0.99294
22110.60000 0.96439 0.98742 0.99266
22110.60000 0.96475 0.98742 0.99266
22110.80000 0.96800 0.98891 0.99075
22110.90000 0.97121 0.98898 0.98925
22111.00000 0.94964 0.98857 0.98753
22111.10000 0.93529 0.98763 0.98568
22111.20000 0.93072 0.98600 0.98386
22111.30000 0.94319 0.98363 0.98227
22111.50000 0.95627 0.97795 0.98044
22111.60000 0.96214 0.97590 0.98012
22111.80000 0.96165 0.97525 0.97864
22111.80000 0.96780 0.97525 0.97864
22111.90000 0.97121 0.97596 0.97609
22112.10000 0.96274 0.97647 0.96597
22112.20000 0.97328 0.97620 0.96044
22112.30000 0.97416 0.97622 0.95689
22112.40000 0.95351 0.97685 0.95660
22112.50000 0.95425 0.97809 0.95983
22112.60000 0.96309 0.97960 0.96577
22112.80000 0.96699 0.98146 0.97947
22112.90000 0.96040 0.98164 0.98468
22113.00000 0.97427 0.98209 0.98838
22113.10000 0.98464 0.98347 0.99091
22113.20000 0.99602 0.98602 0.99267
22113.30000 0.99360 0.98941 0.99393
22113.50000 1.01362 0.99607 0.99560
22113.60000 1.01841 0.99845 0.99617
22113.80000 1.00984 1.00133 0.99697
22113.80000 1.00822 1.00133 0.99697
22113.90000 1.01638 1.00218 0.99725
22114.10000 1.00632 1.00332 0.99766
22114.20000 0.98786 1.00370 0.99783
22114.30000 0.97612 1.00400 0.99798
22114.40000 1.00467 1.00425 0.99813
22114.50000 1.00509 1.00445 0.99828
22114.60000 1.01974 1.00463 0.99840
22114.80000 1.01002 1.00493 0.99859
22114.90000 1.00388 1.00506 0.99866
22115.00000 0.98216 1.00518 0.99873
22115.10000 0.96135 1.00528 0.99879
22115.20000 0.96001 1.00536 0.99885
22115.30000 0.97436 1.00544 0.99890
22115.50000 0.98049 1.00556 0.99898
22115.60000 0.99637 1.00562 0.99901
22115.80000 0.99017 1.00570 0.99906
22115.80000 1.00375 1.00570 0.99906
22115.90000 0.99625 1.00574 0.99908
22116.10000 0.99523 1.00580 0.99913
22116.20000 1.00169 1.00583 0.99915
22116.30000 0.99013 1.00586 0.99918
22116.40000 0.97985 1.00589 0.99920
22116.50000 0.97441 1.00592 0.99922
22116.60000 0.97671 1.00595 0.99925
22116.80000 0.97918 1.00600 0.99929
22116.90000 0.97866 1.00602 0.99931
22117.00000 0.99074 1.00604 0.99932
22117.10000 0.98768 1.00606 0.99933
22117.20000 0.99689 1.00607 0.99934
22117.30000 1.00830 1.00608 0.99935
22117.50000 1.00915 1.00610 0.99937
22117.60000 1.00207 1.00611 0.99937
22117.80000 0.99931 1.00613 0.99939
22117.80000 0.98132 1.00613 0.99939
22117.90000 0.97354 1.00615 0.99940
22118.00000 0.97446 1.00616 0.99941
22118.20000 0.98722 1.00617 0.99942
22118.30000 0.98844 1.00618 0.99943
22118.40000 0.98882 1.00619 0.99943
22118.50000 0.98315 1.00619 0.99944
22118.60000 0.98402 1.00619 0.99944
22118.80000 0.99430 1.00620 0.99944
22118.90000 0.98933 1.00620 0.99945
22119.00000 0.98992 1.00621 0.99945
22119.10000 0.98603 1.00621 0.99945
22119.20000 0.95620 1.00621 0.99945
22119.30000 0.92821 1.00622 0.99945
22119.50000 0.93526 1.00622 0.99946
22119.60000 0.96939 1.00621 0.99946
22119.80000 0.98599 1.00621 0.99946
22119.80000 0.99444 1.00621 0.99946
22119.90000 1.00187 1.00620 0.99946
22120.00000 0.99785 1.00620 0.99945
22120.20000 0.99672 1.00618 0.99944
22120.30000 0.99394 1.00618 0.99943
22120.40000 0.97887 1.00617 0.99942
22120.50000 0.96949 1.00617 0.99942
22120.60000 0.96941 1.00616 0.99941
22120.80000 0.97737 1.00614 0.99939
22120.90000 0.99396 1.00613 0.99938
22121.00000 0.99493 1.00611 0.99938
22121.10000 0.98435 1.00610 0.99937
22121.20000 0.96453 1.00608 0.99936
22121.30000 0.95427 1.00606 0.99935
22121.50000 0.95163 1.00600 0.99932
22121.60000 0.97236 1.00596 0.99930
22121.80000 0.99142 1.00588 0.99925
22121.80000 0.99458 1.00588 0.99925
22121.90000 0.99325 1.00584 0.99923
22122.00000 0.98510 1.00578 0.99920
22122.20000 0.98672 1.00563 0.99912
22122.30000 0.99034 1.00553 0.99907
22122.40000 0.99583 1.00541 0.99901
22122.50000 0.99108 1.00526 0.99894
22122.60000 0.97101 1.00508 0.99886
22122.80000 0.96844 1.00452 0.99871
22122.90000 0.98341 1.00409 0.99861
22123.00000 0.98081 1.00350 0.99848
22123.10000 0.99854 1.00270 0.99833
22123.20000 1.00037 1.00167 0.99813
22123.30000 0.99090 1.00044 0.99787
22123.50000 0.98873 0.99777 0.99711
22123.60000 0.99799 0.99673 0.99653
22123.80000 0.98554 0.99590 0.99459
22123.80000 0.97149 0.99590 0.99459
22123.90000 0.96209 0.99597 0.99295
22124.00000 0.95036 0.99606 0.99062
22124.20000 0.94972 0.99562 0.98418
22124.30000 0.96213 0.99515 0.98111
22124.40000 0.97268 0.99478 0.97916
22124.50000 0.98939 0.99467 0.97886
22124.60000 0.99312 0.99486 0.98028
22124.80000 0.99982 0.99546 0.98631
22124.90000 0.98144 0.99550 0.98942
22125.00000 0.97645 0.99529 0.99188
22125.10000 0.96504 0.99502 0.99362
22125.20000 0.97266 0.99493 0.99479
22125.30000 0.97539 0.99521 0.99555
22125.50000 0.98189 0.99692 0.99635
22125.60000 0.97716 0.99806 0.99651
22125.80000 0.96590 1.00011 0.99653
22125.80000 0.94611 1.00011 0.99653
22125.90000 0.94158 1.00086 0.99641
22126.00000 0.93488 1.00143 0.99622
22126.20000 0.95070 1.00212 0.99579
22126.30000 0.96076 1.00233 0.99565
22126.40000 0.95713 1.00250 0.99563
22126.50000 0.95156 1.00265 0.99575
22126.60000 0.96122 1.00281 0.99599
22126.80000 0.96558 1.00311 0.99670
22126.90000 0.97526 1.00324 0.99706
22127.00000 0.96860 1.00338 0.99738
22127.10000 0.96475 1.00354 0.99765
22127.20000 0.96024 1.00373 0.99788
22127.30000 0.96720 1.00396 0.99808
22127.50000 0.96920 1.00442 0.99838
22127.60000 0.98240 1.00462 0.99851
22127.80000 0.98250 1.00496 0.99870
22127.80000 1.00225 1.00496 0.99870
22127.90000 0.99018 1.00508 0.99878
22128.00000 0.99208 1.00519 0.99885
22128.20000 0.97435 1.00533 0.99895
22128.30000 0.97795 1.00535 0.99898
22128.40000 0.96746 1.00534 0.99901
22128.50000 0.98773 1.00529 0.99903
22128.60000 0.98488 1.00520 0.99903
22128.80000 0.99546 1.00491 0.99902
22128.90000 0.99184 1.00474 0.99898
22129.00000 0.99152 1.00454 0.99888
22129.10000 0.97800 1.00420 0.99861
22129.20000 0.94167 1.00340 0.99791
22129.30000 0.97973 1.00168 0.99640
22129.50000 1.00284 0.99541 0.99088
22129.60000 0.99512 0.99254 0.98815
22129.80000 0.99827 0.99234 0.98686
22129.80000 0.98894 0.99234 0.98686
22129.90000 0.98573 0.99508 0.98859
22130.00000 0.96817 0.99851 0.99113
22130.20000 0.97607 1.00325 0.99540
22130.30000 0.98160 1.00408 0.99662
22130.40000 0.99466 1.00440 0.99745
22130.50000 0.98709 1.00453 0.99803
22130.60000 0.98079 1.00461 0.99845
22130.80000 0.99009 1.00475 0.99893
22130.90000 0.99265 1.00483 0.99907
22131.00000 0.99450 1.00495 0.99918
22131.10000 0.99404 1.00511 0.99926
22131.20000 0.98300 1.00530 0.99932
22131.30000 1.00245 1.00549 0.99937
22131.50000 0.98475 1.00583 0.99944
22131.60000 0.95910 1.00595 0.99947
22131.80000 0.93741 1.00608 0.99951
22131.80000 0.94646 1.00608 0.99951
22131.90000 0.96011 1.00610 0.99952
22132.00000 0.98655 1.00607 0.99954
22132.20000 1.00646 1.00592 0.99955
22132.30000 1.02079 1.00579 0.99955
22132.40000 1.01819 1.00565 0.99954
22132.50000 1.00177 1.00551 0.99953
22132.60000 0.97738 1.00539 0.99951
22132.80000 0.96625 1.00524 0.99943
22132.90000 0.98195 1.00522 0.99933
22133.00000 1.00332 1.00525 0.99915
22133.10000 1.00062 1.00531 0.99886
22133.20000 0.99983 1.00537 0.99844
22133.30000 0.99247 1.00544 0.99791
22133.50000 0.98103 1.00550 0.99693
22133.60000 0.96037 1.00551 0.99678
22133.80000 0.95268 1.00549 0.99741
22133.80000 0.95362 1.00549 0.99741
22133.90000 0.96605 1.00546 0.99799
22134.00000 0.96425 1.00540 0.99854
22134.20000 0.96164 1.00530 0.99923
22134.30000 0.98104 1.00528 0.99939
22134.40000 0.99379 1.00531 0.99948
22134.50000 1.00576 1.00538 0.99953
22134.60000 1.00818 1.00549 0.99957
22134.80000 1.00511 1.00578 0.99961
22134.90000 1.00788 1.00594 0.99962
22135.00000 0.99403 1.00608 0.99963
22135.10000 0.99318 1.00619 0.99963
22135.20000 0.98221 1.00626 0.99962
22135.30000 0.98809 1.00623 0.99955
22135.40000 0.98431 1.00596 0.99930
22135.60000 0.98178 1.00305 0.99694
22135.80000 0.98076 0.99591 0.99119
22135.80000 0.99287 0.99591 0.99119
22135.90000 0.98957 0.99279 0.98868
22136.00000 0.99736 0.99164 0.98776
22136.20000 0.98831 0.99614 0.99137
22136.30000 0.99885 1.00000 0.99447
22136.40000 0.99574 1.00320 0.99704
22136.50000 0.99450 1.00513 0.99860
22136.60000 0.99669 1.00598 0.99929
22136.80000 0.99870 1.00630 0.99956
22136.90000 1.00141 1.00630 0.99957
22137.00000 1.00250 1.00628 0.99956
22137.10000 0.99805 1.00625 0.99955
22137.20000 1.00363 1.00621 0.99953
22137.30000 1.00039 1.00616 0.99951
22137.40000 0.99175 1.00611 0.99949
22137.60000 0.97700 1.00593 0.99942
22137.80000 0.97896 1.00560 0.99933
22137.80000 0.98927 1.00560 0.99933
22137.90000 1.00337 1.00530 0.99927
22138.00000 0.99535 1.00483 0.99920
22138.10000 0.99034 1.00413 0.99912
22138.30000 0.97411 1.00173 0.99887
22138.40000 0.96229 0.99995 0.99870
22138.50000 0.96372 0.99780 0.99849
22138.60000 0.98057 0.99536 0.99823
22138.80000 0.99410 0.99041 0.99739
22138.90000 0.99865 0.98848 0.99661
22139.00000 0.98193 0.98736 0.99530
22139.10000 0.99015 0.98714 0.99299
22139.20000 0.99340 0.98758 0.98899
22139.30000 0.99660 0.98818 0.98274
22139.40000 1.00561 0.98845 0.97453
22139.60000 0.99326 0.98789 0.95940
22139.80000 0.99634 0.98794 0.96009
22139.80000 0.98194 0.98794 0.96009
22139.90000 0.96544 0.98832 0.96706
22140.00000 0.95401 0.98845 0.97575
22140.10000 0.96194 0.98812 0.98375
22140.30000 0.96712 0.98714 0.99338
22140.40000 0.95856 0.98748 0.99552
22140.50000 0.96774 0.98873 0.99675
22140.60000 0.97546 0.99075 0.99752
22140.80000 0.98544 0.99576 0.99837
22140.80000 0.98813 0.99576 0.99837
22141.00000 0.99620 1.00027 0.99880
22141.10000 0.99548 1.00200 0.99894
22141.20000 1.00244 1.00333 0.99904
22141.30000 1.00033 1.00429 0.99914
22141.40000 0.99312 1.00496 0.99922
22141.60000 0.95816 1.00568 0.99936
22141.80000 0.95108 1.00601 0.99946
22141.80000 0.94957 1.00601 0.99946
22141.90000 0.98168 1.00611 0.99950
22142.00000 1.00819 1.00618 0.99953
22142.10000 1.01108 1.00624 0.99955
22142.30000 1.00158 1.00633 0.99960
22142.40000 1.00496 1.00637 0.99961
22142.50000 0.99649 1.00641 0.99963
22142.60000 0.98762 1.00643 0.99964
22142.80000 0.97959 1.00647 0.99966
22142.80000 0.97999 1.00647 0.99966
22143.00000 0.96815 1.00650 0.99969
22143.10000 0.96755 1.00651 0.99970
22143.20000 0.95832 1.00653 0.99971
22143.30000 0.95986 1.00654 0.99972
22143.40000 0.96036 1.00655 0.99973
22143.50000 0.98187 1.00656 0.99974
22143.80000 0.99914 1.00659 0.99976
22143.80000 0.98828 1.00659 0.99976
22143.90000 0.96827 1.00659 0.99976
22144.00000 0.96543 1.00660 0.99976
22144.10000 0.97360 1.00661 0.99977
22144.20000 0.99328 1.00661 0.99977
22144.40000 1.00806 1.00662 0.99977
22144.50000 1.01654 1.00662 0.99977
22144.60000 1.00637 1.00662 0.99978
22144.80000 0.98989 1.00663 0.99978
22144.80000 0.97122 1.00663 0.99978
22144.90000 0.96792 1.00663 0.99978
22145.10000 0.98237 1.00663 0.99978
22145.20000 0.99935 1.00663 0.99979
22145.30000 0.99395 1.00663 0.99979
22145.40000 0.99673 1.00663 0.99979
22145.50000 0.98050 1.00663 0.99979
22145.80000 0.97425 1.00663 0.99979
22145.80000 0.95883 1.00663 0.99979
22145.90000 0.95749 1.00663 0.99979
22146.00000 0.95279 1.00663 0.99980
22146.10000 0.95285 1.00663 0.99980
22146.20000 0.97352 1.00663 0.99980
22146.40000 0.98416 1.00662 0.99979
22146.50000 0.98273 1.00662 0.99979
22146.60000 0.98276 1.00662 0.99979
22146.80000 0.95868 1.00660 0.99978
22146.80000 0.95878 1.00660 0.99978
22146.90000 0.95997 1.00658 0.99978
22147.10000 0.97293 1.00650 0.99977
22147.20000 0.97609 1.00645 0.99977
22147.30000 0.96717 1.00639 0.99977
22147.40000 0.96370 1.00633 0.99976
22147.50000 0.97835 1.00627 0.99976
22147.60000 0.99030 1.00621 0.99975
22147.80000 0.99180 1.00609 0.99974
22147.90000 0.99589 1.00603 0.99973
22148.00000 0.99582 1.00596 0.99972
22148.10000 0.99868 1.00590 0.99970
22148.20000 1.00465 1.00584 0.99969
22148.30000 1.00653 1.00578 0.99967
22148.50000 0.99824 1.00565 0.99963
22148.60000 0.97238 1.00558 0.99960
22148.80000 0.95370 1.00541 0.99953
22148.80000 0.93665 1.00541 0.99953
22148.90000 0.94643 1.00529 0.99949
22149.00000 0.96224 1.00515 0.99943
22149.20000 0.98214 1.00489 0.99925
22149.30000 0.98006 1.00478 0.99911
22149.40000 0.99862 1.00469 0.99893
22149.50000 0.98776 1.00463 0.99868
22149.60000 0.97541 1.00456 0.99831
22149.80000 0.95352 1.00432 0.99723
22149.90000 0.96039 1.00409 0.99661
22150.00000 0.97284 1.00377 0.99612
22150.10000 0.98297 1.00336 0.99585
22150.20000 0.97306 1.00289 0.99587
22150.30000 0.96980 1.00244 0.99614
22150.40000 0.95925 1.00208 0.99657
22150.60000 0.94598 1.00191 0.99729
22150.80000 0.95198 1.00229 0.99720
22150.80000 0.95866 1.00229 0.99720
22150.90000 0.97768 1.00249 0.99675
22151.00000 0.99063 1.00258 0.99605
22151.10000 0.99165 1.00257 0.99515
22151.30000 0.98095 1.00250 0.99350
22151.40000 0.97140 1.00259 0.99317
22151.50000 0.98871 1.00280 0.99335
22151.60000 0.99648 1.00311 0.99401
22151.80000 1.00135 1.00370 0.99599
22151.80000 0.99025 1.00370 0.99599
22152.00000 0.97479 1.00379 0.99767
22152.10000 0.95354 1.00363 0.99821
22152.20000 0.95736 1.00346 0.99859
22152.30000 0.98107 1.00337 0.99886
22152.40000 0.98115 1.00346 0.99905
22152.50000 0.98467 1.00374 0.99920
22152.80000 0.98286 1.00511 0.99947
22152.80000 0.96571 1.00511 0.99947
22152.90000 0.94310 1.00549 0.99952
22153.00000 0.92637 1.00578 0.99956
22153.10000 0.92977 1.00599 0.99960
22153.20000 0.93895 1.00613 0.99962
22153.40000 0.96815 1.00633 0.99967
22153.50000 0.96236 1.00639 0.99969
22153.60000 0.97710 1.00644 0.99971
22153.80000 0.96986 1.00651 0.99974
22153.80000 0.95972 1.00651 0.99974
22153.90000 0.94891 1.00654 0.99976
22154.10000 0.96863 1.00658 0.99977
22154.20000 0.95537 1.00659 0.99978
22154.30000 0.96602 1.00661 0.99979
22154.40000 0.97344 1.00662 0.99980
22154.50000 0.99208 1.00664 0.99981
22154.60000 1.00556 1.00665 0.99981
22154.80000 1.00197 1.00666 0.99982
22154.90000 0.98536 1.00667 0.99982
22155.00000 0.98469 1.00668 0.99983
22155.10000 0.97166 1.00668 0.99983
22155.20000 0.96038 1.00669 0.99984
22155.30000 0.95935 1.00669 0.99984
22155.50000 0.97155 1.00670 0.99984
22155.60000 0.98160 1.00670 0.99984
22155.80000 0.98154 1.00671 0.99985
22155.80000 0.98311 1.00671 0.99985
22155.90000 0.98235 1.00671 0.99985
22156.00000 0.97020 1.00671 0.99985
22156.20000 0.94805 1.00671 0.99986
22156.30000 0.94330 1.00671 0.99986
22156.40000 0.97111 1.00671 0.99985
22156.50000 0.97577 1.00671 0.99985
22156.60000 0.97441 1.00670 0.99984
22156.80000 0.94891 1.00649 0.99964
22156.90000 0.93756 1.00592 0.99919
22157.00000 0.94887 1.00451 0.99805
22157.10000 0.95911 1.00190 0.99596
22157.20000 0.95987 0.99835 0.99312
22157.30000 0.97625 0.99492 0.99037
22157.40000 0.96947 0.99292 0.98877
22157.60000 0.96650 0.99549 0.99082
22157.80000 0.94288 1.00250 0.99645
22157.80000 0.97182 1.00250 0.99645
22157.90000 0.94219 1.00489 0.99837
22158.00000 0.96806 1.00611 0.99935
22158.10000 0.98441 1.00657 0.99973
22158.30000 0.99652 1.00673 0.99987
22158.40000 0.99169 1.00675 0.99988
22158.50000 0.99460 1.00675 0.99988
22158.60000 0.98840 1.00676 0.99989
22158.80000 0.99523 1.00676 0.99989
22158.80000 0.99130 1.00676 0.99989
22159.00000 0.99301 1.00676 0.99989
22159.10000 0.99229 1.00677 0.99989
22159.20000 0.98547 1.00677 0.99989
22159.30000 0.97885 1.00677 0.99990
22159.40000 1.04821 1.00677 0.99990
22159.50000 1.00100 1.00677 0.99990
22159.80000 0.99659 1.00677 0.99990
22159.80000 1.00211 1.00677 0.99990
22159.90000 0.99676 1.00677 0.99990
22160.00000 0.98911 1.00677 0.99990
22160.10000 0.99887 1.00677 0.99990
22160.20000 1.00030 1.00678 0.99990
22160.40000 0.99447 1.00678 0.99990
22160.50000 0.98077 1.00678 0.99990
22160.60000 0.97337 1.00678 0.99990
22160.80000 0.94749 1.00678 0.99990
22160.80000 0.92020 1.00678 0.99990
22160.90000 0.91595 1.00678 0.99990
22161.00000 1.01509 1.00678 0.99990
22161.20000 0.93786 1.00678 0.99991
22161.30000 0.93307 1.00678 0.99991
22161.40000 0.94491 1.00678 0.99991
22161.50000 0.96601 1.00678 0.99991
22161.60000 0.94755 1.00678 0.99991
22161.80000 0.94385 1.00678 0.99991
22161.90000 0.95345 1.00678 0.99991
22162.00000 0.95211 1.00678 0.99991
22162.10000 0.96846 1.00678 0.99991
22162.20000 0.96524 1.00678 0.99991
22162.30000 0.94873 1.00678 0.99991
22162.40000 0.94133 1.00678 0.99991
22162.60000 0.94574 1.00678 0.99991
22162.80000 0.96988 1.00678 0.99991
22162.80000 0.97516 1.00678 0.99991
22162.90000 0.99017 1.00678 0.99991
22163.00000 0.98863 1.00678 0.99991
22163.10000 0.99016 1.00678 0.99991
22163.30000 0.97663 1.00679 0.99991
22163.40000 0.97332 1.00679 0.99991
22163.50000 0.96689 1.00679 0.99991
22163.60000 0.95234 1.00679 0.99991
22163.80000 0.95992 1.00679 0.99991
22163.80000 0.95594 1.00679 0.99991
22163.90000 0.96545 1.00679 0.99991
22164.10000 0.97429 1.00679 0.99991
22164.20000 0.98962 1.00679 0.99991
22164.30000 0.98762 1.00679 0.99991
22164.40000 0.97453 1.00679 0.99991
22164.50000 0.97777 1.00679 0.99991
22164.60000 0.96552 1.00678 0.99991
22164.80000 0.96882 1.00678 0.99991
22164.90000 0.96088 1.00678 0.99991
22165.00000 0.94581 1.00678 0.99991
22165.10000 0.94596 1.00678 0.99991
22165.20000 0.94240 1.00678 0.99991
22165.30000 0.93962 1.00678 0.99991
22165.50000 0.94654 1.00678 0.99991
22165.60000 0.95247 1.00678 0.99991
22165.80000 0.96432 1.00678 0.99991
22165.80000 0.95792 1.00678 0.99991
22165.90000 0.95609 1.00678 0.99991
22166.00000 0.95000 1.00678 0.99991
22166.10000 0.95737 1.00678 0.99990
22166.30000 0.95506 1.00678 0.99990
22166.40000 0.95528 1.00678 0.99990
22166.50000 0.95422 1.00678 0.99990
22166.60000 0.97124 1.00678 0.99990
22166.80000 0.94563 1.00678 0.99990
22166.80000 0.94820 1.00678 0.99990
22167.00000 0.95089 1.00678 0.99990
22167.10000 0.97507 1.00678 0.99990
22167.20000 0.96960 1.00678 0.99990
22167.30000 0.96570 1.00678 0.99990
22167.40000 0.94957 1.00678 0.99990
22167.50000 0.94555 1.00678 0.99990
22167.80000 0.94577 1.00678 0.99990
22167.80000 0.93906 1.00678 0.99990
22167.90000 0.94063 1.00678 0.99990
22168.00000 0.96985 1.00678 0.99990
22168.10000 0.97098 1.00678 0.99990
22168.20000 0.98429 1.00678 0.99990
22168.30000 0.96371 1.00678 0.99990
22168.50000 0.95125 1.00678 0.99990
22168.60000 0.94759 1.00678 0.99990
22168.80000 0.96780 1.00678 0.99990
22168.80000 0.97694 1.00678 0.99990
22168.90000 0.98652 1.00677 0.99990
22169.00000 0.99011 1.00677 0.99990
22169.20000 0.98599 1.00677 0.99990
22169.30000 0.99395 1.00677 0.99990
22169.40000 0.99018 1.00677 0.99990
22169.50000 0.97557 1.00677 0.99990
22169.60000 0.97911 1.00677 0.99990
22169.80000 0.97630 1.00677 0.99990
22169.80000 0.98749 1.00677 0.99990
22170.00000 0.97402 1.00677 0.99990
22170.10000 0.98526 1.00677 0.99990
22170.20000 0.97315 1.00677 0.99990
22170.30000 0.95500 1.00677 0.99990
22170.40000 0.92510 1.00677 0.99990
22170.50000 0.94467 1.00676 0.99990
22170.80000 0.96435 1.00672 0.99990
22170.80000 0.96964 1.00672 0.99990
22170.90000 0.95879 1.00670 0.99990
22171.00000 0.96264 1.00669 0.99989
22171.10000 0.97074 1.00667 0.99989
22171.20000 0.96151 1.00666 0.99989
22171.30000 0.94913 1.00664 0.99989
22171.50000 0.94495 1.00661 0.99989
22171.60000 0.95984 1.00659 0.99989
22171.80000 0.96418 1.00656 0.99989
22171.80000 0.96979 1.00656 0.99989
22171.90000 0.97792 1.00654 0.99989
22172.00000 0.97295 1.00653 0.99989
22172.10000 0.96711 1.00651 0.99989
22172.30000 0.98039 1.00648 0.99989
22172.40000 0.97520 1.00646 0.99989
22172.50000 0.99183 1.00645 0.99988
22172.60000 1.00676 1.00643 0.99988
22172.80000 0.99830 1.00640 0.99988
22172.80000 0.98744 1.00640 0.99988
22173.00000 0.98282 1.00637 0.99988
22173.10000 0.98907 1.00635 0.99987
22173.20000 0.98344 1.00633 0.99987
22173.30000 0.98380 1.00632 0.99987
22173.40000 0.97855 1.00630 0.99987
22173.50000 0.97025 1.00628 0.99986
22173.60000 0.96372 1.00627 0.99986
22173.80000 0.96717 1.00623 0.99986
22173.90000 0.96594 1.00622 0.99985
22174.00000 0.96887 1.00620 0.99985
22174.10000 0.97148 1.00618 0.99984
22174.20000 0.96239 1.00617 0.99984
22174.30000 0.94823 1.00615 0.99984
22174.40000 0.96770 1.00613 0.99983
22174.60000 0.97351 1.00608 0.99982
22174.80000 0.97952 1.00595 0.99980
22174.80000 0.97734 1.00595 0.99980
22174.90000 0.98551 1.00585 0.99979
22175.00000 1.00144 1.00575 0.99978
22175.10000 1.00299 1.00570 0.99977
22175.30000 0.98908 1.00578 0.99973
22175.40000 0.96986 1.00588 0.99970
22175.50000 0.96418 1.00598 0.99966
22175.60000 0.97330 1.00603 0.99959
22175.80000 0.96335 1.00595 0.99920
22175.80000 0.97350 1.00595 0.99920
22175.90000 0.98856 1.00583 0.99880
22176.10000 0.96651 1.00548 0.99768
22176.20000 0.94970 1.00529 0.99727
22176.30000 0.95903 1.00508 0.99714
22176.40000 0.95440 1.00479 0.99733
22176.50000 0.95572 1.00427 0.99775
22176.60000 0.95607 1.00317 0.99825
22176.80000 0.96193 0.99748 0.99891
22176.90000 0.96161 0.99295 0.99899
22177.00000 0.97376 0.98854 0.99894
22177.10000 0.96998 0.98572 0.99880
22177.20000 0.95547 0.98550 0.99856
22177.30000 0.94478 0.98790 0.99818
22177.40000 0.95541 0.99182 0.99753
22177.50000 0.96524 0.99566 0.99628
22177.80000 0.98069 0.99614 0.98121
22177.80000 0.98485 0.99614 0.98121
22177.90000 1.00351 0.99288 0.97128
22178.00000 0.99947 0.98964 0.96161
22178.10000 1.00214 0.98762 0.95545
22178.20000 0.99419 0.98755 0.95514
22178.30000 1.00261 0.98950 0.96079
22178.50000 0.99181 0.99628 0.98030
22178.60000 1.00309 0.99862 0.98832
22178.80000 0.99451 0.99684 0.99612
22178.80000 0.99240 0.99684 0.99612
22178.90000 0.98740 0.99311 0.99746
22179.00000 0.97901 0.98905 0.99815
22179.20000 0.98960 0.98611 0.99882
22179.30000 0.99172 0.98860 0.99902
22179.40000 0.98503 0.99286 0.99917
22179.50000 0.98239 0.99745 0.99929
22179.60000 0.98287 1.00117 0.99939
22179.80000 0.98342 1.00486 0.99952
22179.80000 0.97632 1.00486 0.99952
22180.00000 0.96552 1.00585 0.99960
22180.10000 0.95593 1.00605 0.99962
22180.20000 0.96345 1.00618 0.99965
22180.30000 0.96041 1.00628 0.99967
22180.40000 0.96178 1.00636 0.99970
22180.50000 0.97296 1.00642 0.99972
22180.60000 0.97583 1.00647 0.99974
22180.80000 0.97895 1.00654 0.99977
22180.90000 0.99333 1.00656 0.99978
22181.00000 0.99102 1.00658 0.99979
22181.10000 1.00052 1.00660 0.99980
22181.20000 1.00235 1.00662 0.99981
22181.30000 1.00248 1.00663 0.99981
22181.40000 0.98478 1.00664 0.99982
22181.60000 0.97674 1.00667 0.99983
22181.80000 0.97771 1.00669 0.99984
22181.80000 1.00312 1.00669 0.99984
22181.90000 0.97085 1.00669 0.99984
22182.00000 0.94264 1.00670 0.99984
22182.10000 0.94544 1.00670 0.99985
22182.20000 0.94392 1.00671 0.99985
22182.30000 0.93019 1.00671 0.99985
22182.50000 0.93843 1.00672 0.99986
22182.60000 0.93105 1.00672 0.99986
22182.80000 0.93683 1.00673 0.99987
22182.80000 0.95296 1.00673 0.99987
22182.90000 0.96417 1.00673 0.99987
22183.00000 0.96022 1.00674 0.99987
22183.10000 0.96712 1.00674 0.99988
22183.30000 0.96466 1.00674 0.99988
22183.40000 0.96278 1.00675 0.99988
22183.50000 0.96923 1.00675 0.99988
22183.60000 0.96817 1.00675 0.99988
22183.80000 0.94925 1.00675 0.99989
22183.80000 0.93532 1.00675 0.99989
22183.90000 0.92483 1.00676 0.99989
22184.10000 0.93015 1.00676 0.99989
22184.20000 0.93232 1.00676 0.99989
22184.30000 0.95338 1.00676 0.99989
22184.40000 0.96906 1.00676 0.99989
22184.50000 0.98618 1.00677 0.99989
22184.60000 0.96386 1.00677 0.99989
22184.80000 0.96289 1.00677 0.99989
22184.90000 0.96722 1.00677 0.99989
22185.00000 0.97600 1.00677 0.99990
22185.10000 0.96681 1.00677 0.99990
22185.20000 0.96684 1.00677 0.99990
22185.30000 0.97845 1.00677 0.99990
22185.40000 0.97778 1.00677 0.99990
22185.50000 0.97415 1.00677 0.99990
22185.80000 0.97525 1.00678 0.99990
22185.80000 0.97598 1.00678 0.99990
22185.90000 0.97669 1.00678 0.99990
22186.00000 0.94918 1.00678 0.99990
22186.10000 0.92513 1.00678 0.99990
22186.20000 0.90619 1.00678 0.99990
22186.30000 0.91798 1.00678 0.99990
22186.40000 0.93770 1.00678 0.99990
22186.60000 0.97341 1.00678 0.99990
22186.80000 0.97219 1.00678 0.99990
22186.80000 0.96648 1.00678 0.99990
22186.90000 0.96071 1.00678 0.99990
22187.00000 0.95506 1.00678 0.99990
22187.10000 0.95469 1.00678 0.99990
22187.20000 0.96164 1.00678 0.99990
22187.40000 0.98734 1.00678 0.99991
22187.50000 0.99508 1.00678 0.99991
22187.60000 1.00014 1.00678 0.99991
22187.80000 1.00526 1.00678 0.99991
22222.10000 0.97759 1.00670 0.99984
22222.20000 0.97820 1.00670 0.99984
22222.30000 0.96861 1.00670 0.99984
22222.40000 0.97742 1.00670 0.99984
22222.50000 0.98607 1.00670 0.99984
22222.70000 0.99682 1.00670 0.99984
22222.80000 1.00444 1.00670 0.99984
22222.90000 1.00113 1.00670 0.99984
22223.00000 1.00643 1.00670 0.99984
22223.10000 0.99723 1.00670 0.99984
22223.30000 0.99815 1.00669 0.99983
22223.40000 0.98366 1.00669 0.99983
22223.50000 0.97256 1.00669 0.99983
22223.60000 0.96063 1.00669 0.99983
22223.70000 0.94542 1.00669 0.99983
22223.80000 0.94065 1.00668 0.99983
22224.00000 0.95526 1.00668 0.99983
22224.10000 0.96165 1.00668 0.99983
22224.20000 0.97533 1.00668 0.99983
22224.30000 0.97210 1.00668 0.99983
22224.40000 0.98249 1.00667 0.99982
22224.50000 0.99029 1.00667 0.99982
22224.70000 0.98898 1.00667 0.99982
22224.80000 0.97817 1.00667 0.99982
22224.90000 0.96736 1.00666 0.99982
22225.00000 0.95291 1.00666 0.99981
22225.10000 0.95696 1.00666 0.99981
22225.30000 0.95628 1.00665 0.99981
22225.40000 0.95402 1.00665 0.99980
22225.50000 0.94332 1.00664 0.99980
22225.60000 0.93043 1.00664 0.99980
22225.70000 0.93569 1.00664 0.99980
22225.80000 0.95962 1.00663 0.99979
22226.00000 0.97318 1.00662 0.99978
22226.10000 0.96313 1.00662 0.99978
22226.20000 0.95846 1.00661 0.99978
22226.30000 0.98374 1.00660 0.99977
22226.40000 0.99407 1.00660 0.99977
22226.50000 1.00121 1.00659 0.99976
22226.70000 0.99653 1.00658 0.99975
22226.80000 0.99548 1.00657 0.99975
22226.90000 0.99047 1.00656 0.99974
22227.00000 0.99256 1.00655 0.99973
22227.10000 0.98998 1.00654 0.99973
22227.30000 0.99983 1.00652 0.99971
22227.40000 0.99996 1.00651 0.99970
22227.50000 0.99511 1.00649 0.99970
22227.60000 0.98880 1.00648 0.99969
22227.70000 0.97316 1.00646 0.99968
22227.80000 0.95511 1.00645 0.99967
22228.00000 0.93863 1.00641 0.99964
22228.10000 0.93699 1.00638 0.99963
22228.20000 0.95958 1.00634 0.99960
22228.30000 0.96383 1.00624 0.99952
22228.40000 0.96812 1.00591 0.99925
22228.50000 0.97712 1.00500 0.99852
22228.70000 0.98318 1.00001 0.99452
22228.80000 0.98176 0.99648 0.99170
22228.90000 0.97385 0.99369 0.98947
22229.00000 0.97577 0.99273 0.98871
22229.10000 0.98055 0.99395 0.98970
22229.20000 0.98472 0.99685 0.99205
22229.40000 0.98722 1.00310 0.99711
22229.50000 0.98005 1.00475 0.99846
22229.60000 0.96505 1.00543 0.99903
22229.70000 0.96010 1.00559 0.99920
22229.80000 0.97070 1.00555 0.99921
22230.00000 0.95840 1.00529 0.99912
22230.10000 0.93478 1.00512 0.99906
22230.20000 0.92912 1.00490 0.99899
22230.30000 0.92068 1.00463 0.99892
22230.40000 0.92158 1.00428 0.99883
22230.50000 0.93045 1.00379 0.99873
22230.70000 0.91682 1.00160 0.99850
22230.80000 0.91725 0.99821 0.99836
22230.90000 0.90869 0.99057 0.99820
22231.00000 0.90143 0.97643 0.99800
22231.10000 0.88862 0.95561 0.99778
22231.20000 0.87582 0.93054 0.99750
22231.40000 0.85616 0.88414 0.99675
22231.50000 0.84285 0.86979 0.99623
22231.60000 0.82651 0.86199 0.99557
22231.70000 0.84196 0.85848 0.99470
22231.80000 0.83637 0.85706 0.99352
22231.90000 0.86299 0.85688 0.99184
22232.10000 0.84203 0.86227 0.98450
22232.20000 0.82728 0.86737 0.97458
22232.30000 0.83726 0.87185 0.95442
22232.40000 0.84041 0.87543 0.92005
22232.50000 0.83402 0.88007 0.87259
22232.60000 0.84304 0.88636 0.81890
22232.80000 0.86442 0.89479 0.73895
22232.90000 0.88679 0.89499 0.73646
22233.00000 0.88116 0.89257 0.76343
22233.10000 0.85808 0.88738 0.81041
22233.20000 0.84108 0.88101 0.86417
22233.30000 0.83116 0.87606 0.91321
22233.50000 0.83447 0.86817 0.97218
22233.60000 0.85166 0.86306 0.98336
22233.70000 0.85434 0.85891 0.98865
22233.80000 0.86061 0.85699 0.99149
22233.90000 0.86608 0.85696 0.99328
22234.00000 0.87808 0.85816 0.99452
22234.20000 0.88899 0.86816 0.99612
22234.30000 0.90113 0.88136 0.99666
22234.40000 0.91570 0.90154 0.99709
22234.50000 0.91534 0.92639 0.99743
22234.60000 0.91663 0.95177 0.99771
22234.70000 0.91887 0.97348 0.99795
22234.90000 0.93080 0.99732 0.99832
22235.00000 0.94110 1.00122 0.99847
22235.10000 0.93993 1.00286 0.99860
22235.20000 0.95408 1.00367 0.99871
22235.30000 0.97595 1.00418 0.99880
22235.40000 0.96889 1.00452 0.99887
22235.60000 0.97130 1.00468 0.99872
22235.70000 0.96466 1.00400 0.99808
22235.80000 0.96825 1.00210 0.99648
22235.90000 0.96558 0.99857 0.99359
22236.00000 0.96775 0.99384 0.98974
22236.10000 0.96569 0.98927 0.98605
22236.30000 0.95441 0.98639 0.98368
22236.40000 0.93348 0.98909 0.98583
22236.50000 0.94161 0.99369 0.98952
22236.60000 0.99614 0.99863 0.99349
22236.70000 1.02407 1.00248 0.99659
22236.80000 0.99894 1.00473 0.99839
22237.00000 0.98630 1.00605 0.99944
22237.10000 0.98483 1.00616 0.99951
22237.20000 0.99142 1.00621 0.99954
22237.30000 0.99789 1.00622 0.99956
22237.40000 0.99657 1.00623 0.99958
22237.50000 0.98860 1.00623 0.99959
22237.70000 0.99104 1.00619 0.99961
22237.80000 0.99509 1.00616 0.99962
22237.90000 0.99677 1.00612 0.99962
22238.00000 1.00041 1.00608 0.99962
22238.10000 1.00158 1.00602 0.99962
22238.20000 0.99976 1.00597 0.99961
22238.40000 0.98899 1.00581 0.99951
22238.50000 0.98651 1.00567 0.99935
22238.60000 0.98910 1.00547 0.99902
22238.70000 1.00063 1.00523 0.99851
22238.80000 1.00032 1.00498 0.99785
22238.90000 0.98995 1.00477 0.99725
22239.00000 0.98188 1.00466 0.99691
22239.20000 0.96913 1.00483 0.99738
22239.30000 0.95565 1.00506 0.99803
22239.40000 0.96971 1.00533 0.99868
22239.50000 0.97162 1.00558 0.99917
22239.60000 0.98085 1.00578 0.99946
22239.70000 0.98218 1.00592 0.99960
22239.90000 0.99016 1.00610 0.99969
22240.00000 1.00173 1.00617 0.99971
22240.10000 1.00233 1.00623 0.99971
22240.20000 0.99486 1.00626 0.99970
22240.30000 0.98173 1.00622 0.99963
22240.40000 0.96384 1.00591 0.99935
22240.60000 0.95729 1.00251 0.99657
22240.70000 0.96190 0.99846 0.99329
22240.80000 0.99257 0.99334 0.98915
22240.90000 1.01188 0.98868 0.98539
22241.00000 0.99631 0.98609 0.98330
22241.10000 0.98643 0.98644 0.98357
22241.30000 1.00041 0.99457 0.99010
22241.40000 0.99762 0.99961 0.99415
22241.50000 1.00837 1.00335 0.99716
22241.60000 0.99144 1.00542 0.99882
22241.70000 0.99971 1.00627 0.99950
22241.80000 0.99365 1.00654 0.99972
22241.90000 0.99560 1.00661 0.99977
22242.10000 0.98703 1.00664 0.99979
22242.20000 0.97672 1.00664 0.99980
22242.30000 0.97861 1.00665 0.99980
22242.40000 0.99674 1.00665 0.99980
22242.50000 1.00077 1.00665 0.99980
22242.60000 0.99905 1.00665 0.99980
22242.80000 1.00008 1.00666 0.99981
22242.90000 0.98876 1.00666 0.99981
22243.00000 0.99180 1.00666 0.99981
22243.10000 0.99667 1.00666 0.99981
22243.20000 1.00152 1.00666 0.99981
22243.30000 1.01249 1.00666 0.99981
22243.50000 0.99797 1.00666 0.99981
22243.60000 0.98770 1.00666 0.99981
22243.70000 0.97730 1.00666 0.99981
22243.80000 0.97675 1.00666 0.99981
22243.90000 0.98103 1.00666 0.99981
22244.00000 0.99021 1.00666 0.99981
22244.10000 0.98779 1.00666 0.99981
22244.30000 0.99852 1.00665 0.99980
22244.40000 0.99027 1.00665 0.99980
22244.50000 0.99238 1.00665 0.99980
22244.60000 0.99236 1.00665 0.99980
22244.70000 0.98889 1.00665 0.99980
22244.80000 0.98820 1.00665 0.99980
22245.00000 0.99892 1.00665 0.99980
22245.10000 1.00236 1.00665 0.99980
22245.20000 0.99616 1.00664 0.99980
22245.30000 0.98763 1.00664 0.99979
22245.40000 0.99282 1.00664 0.99979
22245.50000 0.99134 1.00664 0.99979
22245.70000 0.97986 1.00663 0.99979
22245.80000 0.96726 1.00663 0.99979
22245.90000 0.96473 1.00663 0.99978
22246.00000 0.96509 1.00663 0.99978
22246.10000 0.97139 1.00662 0.99978
22246.20000 0.97356 1.00662 0.99978
22246.30000 0.97996 1.00662 0.99978
22246.50000 0.99133 1.00661 0.99977
22246.60000 0.99969 1.00661 0.99977
22246.70000 0.98550 1.00661 0.99977
22246.80000 0.95336 1.00660 0.99976
22246.90000 0.90738 1.00660 0.99976
22247.00000 0.90781 1.00660 0.99976
22247.20000 0.98289 1.00659 0.99975
22247.30000 0.98309 1.00659 0.99975
22247.40000 0.99838 1.00658 0.99975
22247.50000 0.99403 1.00658 0.99974
22247.60000 0.97989 1.00657 0.99974
22247.70000 0.96254 1.00657 0.99974
22247.80000 0.94396 1.00656 0.99973
22248.00000 0.93977 1.00655 0.99972
22248.10000 0.95008 1.00654 0.99972
22248.20000 0.96448 1.00654 0.99971
22248.30000 0.97425 1.00653 0.99971
22248.40000 0.98669 1.00652 0.99970
22248.50000 0.98390 1.00652 0.99970
22248.70000 0.98023 1.00651 0.99969
22248.80000 0.99314 1.00650 0.99968
22248.90000 0.99453 1.00649 0.99968
22249.00000 0.83959 1.00648 0.99967
22249.10000 0.99505 1.00648 0.99966
22249.20000 0.98206 1.00647 0.99966
22249.30000 0.97499 1.00646 0.99965
22249.50000 0.97291 1.00644 0.99963
22249.60000 1.00448 1.00643 0.99963
22249.70000 1.00937 1.00642 0.99962
22249.80000 1.01943 1.00641 0.99961
22249.90000 1.02449 1.00639 0.99960
22250.00000 1.01630 1.00638 0.99959
22250.10000 1.01258 1.00637 0.99958
22250.30000 1.00976 1.00634 0.99956
22250.40000 1.00410 1.00632 0.99954
22250.50000 0.99903 1.00630 0.99953
22250.60000 0.98965 1.00627 0.99951
22250.70000 0.97229 1.00622 0.99946
22250.80000 0.96433 1.00604 0.99932
22251.00000 0.97498 1.00392 0.99762
22251.10000 0.98596 1.00088 0.99517
22251.20000 0.99252 0.99637 0.99155
22251.30000 1.00301 0.99145 0.98760
22251.40000 0.99887 0.98771 0.98460
22251.50000 0.98749 0.98642 0.98356
22251.60000 0.97696 0.98800 0.98483
22251.80000 0.97820 0.99681 0.99192
22251.90000 0.97457 1.00112 0.99539
22252.00000 0.96717 1.00391 0.99763
22252.10000 0.97339 1.00525 0.99871
22252.20000 0.98842 1.00571 0.99908
22252.30000 1.00444 1.00581 0.99916
22252.40000 1.00683 1.00580 0.99915
22252.60000 0.99491 1.00573 0.99910
22252.70000 0.98244 1.00568 0.99907
22252.80000 0.97845 1.00562 0.99903
22252.90000 0.97900 1.00557 0.99898
22253.00000 0.96907 1.00550 0.99894
22253.10000 0.96281 1.00544 0.99889
22253.30000 0.96261 1.00528 0.99878
22253.40000 0.97580 1.00520 0.99872
22253.50000 0.98806 1.00510 0.99866
22253.60000 0.98099 1.00500 0.99858
22253.70000 1.00226 1.00488 0.99850
22253.80000 0.99314 1.00475 0.99841
22253.90000 0.99927 1.00460 0.99832
22254.10000 0.98353 1.00427 0.99812
22254.20000 0.98756 1.00407 0.99801
22254.30000 0.98356 1.00384 0.99788
22254.40000 0.97871 1.00357 0.99774
22254.50000 0.98218 1.00328 0.99758
22254.60000 0.98646 1.00296 0.99740
22254.70000 0.98846 1.00259 0.99719
22254.90000 0.98941 1.00164 0.99670
22255.00000 0.99506 1.00098 0.99640
22255.10000 0.99160 1.00013 0.99606
22255.20000 0.99680 0.99901 0.99565
22255.30000 0.99725 0.99743 0.99518
22255.40000 0.98572 0.99503 0.99462
22255.50000 0.97480 0.99127 0.99396
22255.70000 0.96910 0.97760 0.99218
22255.80000 0.96333 0.96747 0.99096
22255.90000 0.94808 0.95582 0.98941
22256.00000 0.93667 0.94350 0.98741
22256.10000 0.91868 0.93127 0.98474
22256.20000 0.89718 0.91954 0.98108
22256.40000 0.88197 0.89852 0.96784
22256.50000 0.87963 0.89038 0.95546
22256.60000 0.88712 0.88477 0.93683
22256.70000 0.88336 0.88177 0.91153
22256.80000 0.88898 0.88094 0.88183
22256.90000 0.89206 0.88152 0.85279
22257.00000 0.88077 0.88256 0.83092
22257.20000 0.88498 0.88261 0.82877
22257.30000 0.89437 0.88152 0.84909
22257.40000 0.90125 0.88072 0.87747
22257.50000 0.90100 0.88119 0.90734
22257.60000 0.89665 0.88370 0.93335
22257.70000 0.90056 0.88877 0.95279
22257.80000 0.91355 0.89639 0.96579
22258.00000 0.92661 0.91660 0.97946
22258.10000 0.92856 0.92792 0.98310
22258.20000 0.92260 0.93968 0.98565
22258.30000 0.92105 0.95148 0.98747
22258.40000 0.92607 0.96252 0.98877
22258.50000 0.93214 0.97176 0.98968
22258.60000 0.92105 0.97822 0.99028
22258.80000 0.89613 0.98074 0.99067
22258.90000 0.88885 0.97731 0.99048
22259.00000 0.89705 0.97179 0.98993
22259.10000 0.92369 0.96468 0.98882
22259.20000 0.93216 0.95601 0.98670
22259.30000 0.91470 0.94555 0.98286
22259.40000 0.90398 0.93309 0.97664
22259.60000 0.90521 0.90487 0.95474
22259.70000 0.92378 0.89272 0.93733
22259.80000 0.92607 0.88425 0.91514
22259.90000 0.92064 0.88042 0.89037
22260.00000 0.91561 0.88092 0.86760
22260.10000 0.90032 0.88364 0.85255
22260.20000 0.89539 0.88580 0.85000
22260.40000 0.88997 0.88813 0.88398
22260.50000 0.89077 0.89244 0.91146
22260.60000 0.89611 0.90008 0.93759
22260.70000 0.89674 0.91026 0.95814
22260.80000 0.89551 0.92194 0.97197
22260.90000 0.89206 0.93390 0.98039
22261.00000 0.93454 0.94510 0.98543
22261.20000 0.95312 0.96448 0.99067
22261.30000 0.91538 0.97266 0.99191
22261.40000 0.98696 0.97920 0.99210
22261.50000 0.92455 0.98319 0.99077
22261.60000 0.95125 0.98388 0.98764
22261.70000 0.96617 0.98159 0.98323
22261.80000 0.96673 0.97801 0.97884
22262.00000 0.98159 0.97402 0.97441
22262.10000 0.98627 0.97513 0.97506
22262.20000 0.97916 0.97821 0.97740
22262.30000 0.98539 0.98255 0.98080
22262.40000 0.98759 0.98729 0.98454
22262.50000 0.98762 0.99196 0.98824
22262.60000 0.98154 0.99628 0.99168
22262.80000 0.96139 1.00147 0.99580
22262.90000 0.96110 1.00118 0.99554
22263.00000 0.95399 0.99908 0.99383
22263.10000 0.95402 0.99611 0.99143
22263.20000 0.96493 0.99351 0.98933
22263.30000 0.98532 0.99229 0.98834
22263.40000 0.97510 0.99289 0.98882
22263.60000 0.95737 0.99836 0.99321
22263.70000 0.94948 1.00145 0.99569
22263.80000 0.95949 1.00365 0.99746
22263.90000 0.97092 1.00484 0.99840
22264.00000 0.97186 1.00534 0.99879
22264.10000 0.97356 1.00554 0.99894
22264.20000 0.97692 1.00562 0.99900
22264.40000 0.96488 1.00569 0.99906
22264.50000 0.95498 1.00571 0.99907
22264.60000 0.96705 1.00573 0.99909
22264.70000 0.97908 1.00573 0.99909
22264.80000 0.99342 1.00574 0.99910
22264.90000 1.00269 1.00573 0.99909
22265.00000 0.98167 1.00571 0.99909
22265.10000 0.97675 1.00569 0.99908
22265.30000 0.97495 1.00558 0.99902
22265.40000 0.97891 1.00548 0.99897
22265.50000 0.97803 1.00532 0.99891
22265.60000 0.98915 1.00496 0.99882
22265.70000 0.99898 1.00392 0.99869
22265.80000 1.02319 1.00097 0.99846
22265.90000 1.03114 0.99421 0.99798
22266.10000 0.99333 0.96506 0.99324
22266.20000 0.98447 0.94507 0.98461
22266.30000 0.98075 0.92557 0.96737
22266.40000 0.98412 0.90983 0.94035
22266.50000 0.95793 0.89936 0.90737
22266.60000 0.90552 0.89369 0.87768
22266.70000 0.90531 0.89234 0.86265
22266.90000 0.92405 0.90131 0.89369
22267.00000 0.98403 0.90981 0.92694
22267.10000 0.91784 0.92162 0.95780
22267.20000 0.91896 0.93746 0.97961
22267.30000 0.89468 0.95586 0.99140
22267.40000 0.88154 0.97380 0.99624
22267.50000 0.88978 0.98835 0.99786
22267.70000 0.92235 1.00272 0.99870
22267.80000 0.94262 1.00466 0.99887
22267.90000 0.97090 1.00533 0.99899
22268.00000 0.98559 1.00559 0.99908
22268.10000 0.98457 1.00573 0.99915
22268.20000 0.96388 1.00583 0.99921
22268.30000 0.96447 1.00591 0.99926
22268.40000 0.96052 1.00597 0.99930
22268.60000 0.95300 1.00604 0.99934
22268.70000 0.92868 1.00606 0.99936
22268.80000 0.92758 1.00607 0.99937
22268.90000 0.93867 1.00609 0.99938
22269.00000 0.96527 1.00610 0.99938
22269.10000 0.96128 1.00611 0.99939
22269.20000 0.95318 1.00611 0.99940
22269.40000 0.92738 1.00611 0.99940
22269.50000 0.91988 1.00610 0.99940
22269.60000 0.92889 1.00609 0.99940
22269.70000 0.93965 1.00608 0.99939
22269.80000 0.95563 1.00607 0.99938
22269.90000 0.97933 1.00605 0.99937
22270.00000 0.98988 1.00603 0.99936
22270.20000 0.99866 1.00598 0.99934
22270.30000 0.97571 1.00595 0.99932
22270.40000 0.95019 1.00591 0.99930
22270.50000 0.90996 1.00587 0.99928
22270.60000 0.90916 1.00581 0.99925
22270.70000 0.93487 1.00575 0.99922
22270.80000 0.97503 1.00568 0.99919
22270.90000 0.97467 1.00561 0.99916
22271.10000 0.98264 1.00543 0.99908
22271.20000 0.98415 1.00532 0.99903
22271.30000 0.98528 1.00519 0.99897
22271.40000 0.97820 1.00502 0.99890
22271.50000 0.98709 1.00480 0.99882
22271.60000 0.98873 1.00453 0.99872
22271.70000 0.99277 1.00419 0.99862
22271.90000 0.98764 1.00304 0.99842
22272.00000 0.97002 1.00166 0.99831
22272.10000 0.96261 0.99840 0.99818
22272.20000 0.96086 0.99112 0.99803
22272.30000 0.95900 0.97772 0.99783
22272.40000 0.94791 0.95778 0.99759
22272.50000 0.93604 0.93335 0.99728
22272.70000 0.93053 0.88691 0.99643
22272.80000 0.91360 0.87239 0.99581
22272.90000 0.89305 0.86549 0.99500
22273.00000 0.88332 0.86520 0.99389
22273.10000 0.88074 0.87016 0.99228
22273.20000 0.88254 0.87859 0.98965
22273.30000 0.90043 0.88796 0.98452
22273.40000 0.87458 0.89530 0.97329
22273.60000 0.85240 0.89550 0.91406
22273.70000 0.83241 0.89034 0.86544
22273.80000 0.84192 0.88610 0.81279
22273.90000 0.84789 0.88377 0.76801
22274.00000 0.86260 0.88271 0.74467
22274.10000 0.87937 0.88272 0.75118
22274.20000 0.88300 0.88414 0.78414
22274.40000 0.88229 0.89441 0.88197
22274.50000 0.85988 0.90012 0.92494
22274.60000 0.84426 0.90078 0.95560
22274.70000 0.84674 0.89519 0.97396
22274.80000 0.85518 0.88539 0.98372
22274.90000 0.86571 0.87479 0.98882
22275.00000 0.88307 0.86684 0.99169
22275.10000 0.89394 0.86395 0.99347
22275.30000 0.90152 0.87840 0.99554
22275.40000 0.89974 0.89688 0.99618
22275.50000 0.89428 0.92075 0.99668
22275.60000 0.90728 0.94599 0.99707
22275.70000 0.91255 0.96836 0.99739
22275.80000 0.91884 0.98483 0.99764
22275.90000 0.93052 0.99470 0.99783
22276.10000 0.93864 1.00139 0.99810
22276.20000 0.93966 1.00210 0.99819
22276.30000 0.93034 1.00228 0.99825
22276.40000 0.92321 1.00215 0.99829
22276.50000 0.94266 1.00180 0.99830
22276.60000 0.92577 1.00125 0.99828
22276.70000 0.94010 1.00054 0.99823
22276.80000 0.94315 0.99972 0.99814
22277.00000 0.94487 0.99797 0.99780
22277.10000 0.95362 0.99725 0.99747
22277.20000 0.96640 0.99680 0.99693
22277.30000 0.97509 0.99670 0.99603
22277.40000 0.99377 0.99687 0.99451
22277.50000 0.99263 0.99714 0.99205
22277.60000 0.99073 0.99729 0.98852
22277.70000 0.98547 0.99718 0.98432
22277.90000 0.98417 0.99675 0.97795
22278.00000 0.98907 0.99675 0.97766
22278.10000 0.98875 0.99696 0.97964
22278.20000 0.96743 0.99728 0.98332
22278.30000 0.95783 0.99752 0.98760
22278.40000 0.94295 0.99751 0.99142
22278.50000 0.95111 0.99733 0.99421
22278.70000 0.94953 0.99731 0.99704
22278.80000 0.95803 0.99776 0.99769
22278.90000 0.96191 0.99854 0.99812
22279.00000 0.97479 0.99952 0.99842
22279.10000 0.98644 1.00055 0.99865
22279.20000 1.00381 1.00157 0.99884
22279.30000 0.99416 1.00251 0.99898
22279.40000 0.99851 1.00335 0.99910
22279.60000 0.98831 1.00465 0.99926
22279.70000 1.00033 1.00512 0.99932
22279.80000 0.99635 1.00547 0.99937
22279.90000 1.00161 1.00572 0.99941
22280.00000 0.99596 1.00590 0.99945
22280.10000 0.98101 1.00602 0.99948
22280.20000 0.95142 1.00610 0.99950
22280.30000 0.93985 1.00615 0.99951
22280.50000 0.94099 1.00589 0.99925
22280.60000 0.95944 1.00514 0.99863
22280.70000 0.96654 1.00349 0.99730
22280.80000 0.98270 1.00082 0.99514
22280.90000 0.98808 0.99763 0.99258
22281.00000 0.98697 0.99494 0.99042
22281.10000 0.97389 0.99367 0.98939
22281.30000 0.96670 0.99646 0.99163
22281.40000 0.95441 0.99961 0.99417
22281.50000 0.94671 1.00265 0.99661
22281.60000 0.95318 1.00480 0.99833
22281.70000 0.97303 1.00593 0.99924
22281.80000 0.97362 1.00638 0.99960
22281.90000 0.94341 1.00652 0.99971
22282.00000 0.91624 1.00656 0.99974
22282.20000 0.91353 1.00659 0.99976
22282.30000 0.94539 1.00660 0.99977
22282.40000 0.96402 1.00661 0.99978
22282.50000 0.95915 1.00661 0.99978
22282.60000 0.96104 1.00662 0.99979
22282.70000 0.97011 1.00663 0.99979
22282.80000 0.98655 1.00663 0.99980
22282.90000 0.98422 1.00664 0.99980
22283.10000 0.99275 1.00664 0.99980
22283.20000 0.98137 1.00665 0.99981
22283.30000 0.97897 1.00665 0.99981
22283.40000 0.96829 1.00665 0.99981
22283.50000 0.97162 1.00666 0.99981
22283.60000 0.98149 1.00666 0.99981
22283.70000 0.97456 1.00666 0.99982
22283.80000 0.94205 1.00667 0.99982
22284.00000 0.90507 1.00667 0.99982
22284.10000 0.89661 1.00667 0.99982
22284.20000 0.91603 1.00667 0.99982
22284.30000 0.93700 1.00667 0.99982
22284.40000 0.96808 1.00667 0.99982
22284.50000 0.97214 1.00667 0.99982
22284.60000 0.97142 1.00667 0.99982
22284.80000 0.95935 1.00665 0.99981
22284.90000 0.94188 1.00662 0.99979
22285.00000 0.94056 1.00652 0.99971
22285.10000 0.95439 1.00612 0.99939
22285.20000 0.95798 1.00489 0.99840
22285.30000 0.95300 1.00203 0.99611
22285.40000 0.93586 0.99706 0.99212
22285.50000 0.94820 0.99061 0.98694
22285.70000 0.95900 0.98079 0.97909
22285.80000 0.98833 0.98073 0.97909
22285.90000 0.99799 0.98427 0.98203
22286.00000 0.97776 0.99015 0.98691
22286.10000 0.97198 0.99627 0.99207
22286.20000 0.96652 1.00085 0.99604
22286.30000 0.96273 1.00333 0.99831
22286.40000 0.97306 1.00430 0.99928
22286.60000 0.99604 1.00488 0.99964
22286.70000 0.98339 1.00518 0.99961
22286.80000 0.96899 1.00548 0.99951
22286.90000 0.97551 1.00570 0.99931
22287.00000 0.97838 1.00576 0.99893
22287.10000 0.98854 1.00565 0.99827
22287.20000 0.97161 1.00539 0.99732
22287.30000 0.96741 1.00508 0.99624
22287.50000 0.98622 1.00470 0.99495
22287.60000 0.99986 1.00474 0.99514
22287.70000 0.99893 1.00487 0.99581
22287.80000 0.99854 1.00489 0.99663
22287.90000 0.99569 1.00434 0.99699
22288.00000 0.98959 1.00275 0.99634
22288.10000 0.98977 0.99993 0.99454
22288.20000 0.99440 0.99646 0.99211
22288.40000 0.99013 0.99184 0.98903
22288.50000 0.98970 0.99226 0.98957
22288.60000 0.96550 0.99457 0.99148
22288.70000 0.95984 0.99801 0.99413
22288.80000 0.96583 1.00144 0.99665
22288.90000 0.98663 1.00400 0.99841
22289.00000 1.00238 1.00547 0.99934
22289.10000 1.00977 1.00617 0.99970
22289.30000 1.00353 1.00658 0.99984
22289.40000 1.00175 1.00663 0.99985
22289.50000 0.99227 1.00667 0.99986
22289.60000 0.99042 1.00669 0.99986
22289.70000 0.97468 1.00670 0.99987
22289.80000 0.98150 1.00671 0.99987
22289.90000 0.98221 1.00672 0.99987
22290.00000 0.99067 1.00673 0.99987
22290.20000 0.98559 1.00674 0.99988
22290.30000 0.99432 1.00674 0.99988
22290.40000 0.97376 1.00674 0.99988
22290.50000 0.96069 1.00675 0.99988
22290.60000 0.92739 1.00675 0.99988
22290.70000 0.93222 1.00675 0.99989
22290.80000 0.95955 1.00675 0.99989
22290.90000 0.97996 1.00676 0.99989
22291.10000 0.99066 1.00676 0.99989
22291.20000 0.99373 1.00676 0.99989
22291.30000 0.97942 1.00677 0.99989
22291.40000 0.97277 1.00677 0.99989
22291.50000 0.97591 1.00677 0.99990
22291.60000 0.99276 1.00677 0.99990
22291.70000 0.98941 1.00678 0.99990
22291.80000 0.99312 1.00678 0.99990
22292.00000 0.98153 1.00677 0.99990
22292.10000 0.97055 1.00677 0.99990
22292.20000 0.96257 1.00677 0.99990
22292.30000 0.97017 1.00677 0.99990
22292.40000 0.96738 1.00677 0.99990
22292.50000 0.96608 1.00677 0.99990
22292.60000 0.94600 1.00676 0.99990
22292.70000 0.95077 1.00676 0.99990
22292.90000 0.96236 1.00676 0.99989
22293.00000 0.98526 1.00676 0.99989
22293.10000 0.98411 1.00676 0.99989
22293.20000 0.99724 1.00676 0.99989
22293.30000 0.99171 1.00676 0.99989
22293.40000 0.99482 1.00676 0.99989
22293.50000 0.98865 1.00676 0.99989
22293.60000 0.99066 1.00676 0.99988
22293.80000 0.96668 1.00675 0.99988
22293.90000 0.96511 1.00675 0.99988
22294.00000 0.96576 1.00675 0.99988
22294.10000 0.98350 1.00675 0.99988
22294.20000 0.98451 1.00674 0.99988
22294.30000 0.98900 1.00674 0.99988
22294.40000 0.99345 1.00674 0.99988
22294.50000 0.99115 1.00673 0.99988
22294.70000 0.99194 1.00672 0.99987
22294.80000 0.98686 1.00672 0.99987
22294.90000 0.96683 1.00671 0.99987
22295.00000 0.95636 1.00670 0.99986
22295.10000 0.94886 1.00669 0.99986
22295.20000 0.96570 1.00668 0.99985
22295.30000 0.97757 1.00667 0.99985
22295.40000 0.98556 1.00665 0.99984
22295.60000 0.98772 1.00661 0.99983
22295.70000 0.98381 1.00658 0.99982
22295.80000 0.96576 1.00655 0.99982
22295.90000 0.95896 1.00651 0.99981
22296.00000 0.91483 1.00646 0.99980
22296.10000 0.94746 1.00638 0.99978
22296.20000 0.93546 1.00627 0.99977
22296.30000 0.93126 1.00610 0.99975
22296.40000 0.93383 1.00584 0.99973
22296.60000 0.94318 1.00487 0.99968
22296.70000 0.95853 1.00414 0.99964
22296.80000 0.97030 1.00335 0.99960
22296.90000 1.08093 1.00263 0.99956
22297.00000 0.98026 1.00208 0.99950
22297.10000 0.96175 1.00179 0.99943
22297.20000 0.97077 1.00180 0.99933
22297.30000 0.96927 1.00207 0.99920
22297.50000 0.97956 1.00299 0.99875
22297.60000 0.98855 1.00336 0.99837
22297.70000 0.99528 1.00354 0.99774
22297.80000 0.98853 1.00352 0.99671
22297.90000 0.98808 1.00333 0.99506
22298.00000 0.97547 1.00303 0.99275
22298.10000 0.97367 1.00269 0.99010
22298.20000 0.95396 1.00241 0.98777
22298.40000 0.96258 1.00227 0.98652
22298.50000 0.97788 1.00243 0.98796
22298.60000 1.00017 1.00272 0.99035
22298.70000 0.98217 1.00306 0.99298
22298.80000 0.99285 1.00335 0.99522
22298.90000 0.99528 1.00352 0.99681
22299.00000 0.99882 1.00353 0.99780
22299.10000 1.00120 1.00332 0.99840
22299.30000 0.99282 1.00246 0.99904
22299.40000 0.97370 1.00203 0.99921
22299.50000 0.96518 1.00178 0.99934
22299.60000 0.96873 1.00180 0.99943
22299.70000 0.96796 1.00213 0.99950
22299.80000 0.94044 1.00270 0.99956
22299.90000 0.92483 1.00343 0.99961
22300.00000 0.93911 1.00421 0.99965
22300.10000 0.97057 1.00492 0.99968
22300.30000 0.99074 1.00586 0.99973
22300.40000 0.99606 1.00611 0.99975
22300.50000 0.99300 1.00627 0.99977
22300.60000 1.00528 1.00637 0.99978
22300.70000 0.99236 1.00644 0.99979
22300.80000 0.99663 1.00649 0.99980
22300.90000 0.99987 1.00653 0.99981
22301.00000 0.99565 1.00656 0.99981
22301.20000 0.99688 1.00660 0.99981
22301.30000 0.98831 1.00661 0.99981
22301.40000 0.97971 1.00661 0.99981
22301.50000 0.99667 1.00661 0.99981
22301.60000 1.00283 1.00658 0.99979
22301.70000 1.01190 1.00650 0.99974
22301.80000 1.00877 1.00621 0.99954
22301.90000 1.00094 1.00543 0.99895
22302.10000 0.98947 1.00084 0.99540
22302.20000 0.99415 0.99730 0.99269
22302.30000 1.00317 0.99422 0.99036
22302.40000 1.01910 0.99275 0.98927
22302.50000 0.99821 0.99340 0.98976
22302.60000 1.01421 0.99583 0.99149
22302.70000 0.98368 0.99898 0.99359
22302.80000 0.98082 1.00167 0.99519
22302.90000 0.97285 1.00331 0.99599
22303.10000 0.97829 1.00436 0.99656
22303.20000 0.98487 1.00460 0.99709
22303.30000 0.99560 1.00483 0.99782
22303.40000 1.00002 1.00504 0.99855
22303.50000 1.00004 1.00521 0.99910
22303.60000 0.99362 1.00537 0.99944
22303.70000 0.99827 1.00557 0.99962
22303.80000 0.99110 1.00583 0.99970
22304.00000 0.98853 1.00632 0.99977
22304.10000 0.98477 1.00647 0.99979
22304.20000 0.98924 1.00656 0.99980
22304.30000 0.97531 1.00660 0.99981
22304.40000 0.96950 1.00662 0.99981
22304.50000 0.95455 1.00663 0.99982
22304.60000 0.96247 1.00664 0.99982
22304.70000 0.97342 1.00664 0.99982
22304.90000 0.99648 1.00663 0.99982
22305.00000 0.99865 1.00663 0.99982
22305.10000 1.01037 1.00662 0.99981
22305.20000 1.00330 1.00661 0.99981
22305.30000 0.99788 1.00660 0.99980
22305.40000 0.97979 1.00658 0.99980
22305.50000 0.98068 1.00657 0.99979
22305.60000 0.96767 1.00654 0.99979
22305.70000 0.96692 1.00652 0.99978
22305.90000 0.95590 1.00644 0.99976
22306.00000 0.95489 1.00636 0.99972
22306.10000 0.96740 1.00618 0.99964
22306.20000 0.99100 1.00574 0.99937
22306.30000 0.99518 1.00470 0.99866
22306.40000 1.00138 1.00264 0.99719
22306.50000 1.00189 0.99951 0.99493
22306.60000 1.00360 0.99594 0.99234
22306.80000 0.97732 0.99176 0.98935
22306.90000 0.97145 0.99252 0.98993
22307.00000 0.95698 0.99506 0.99179
22307.10000 0.96691 0.99851 0.99429
22307.20000 0.96913 1.00172 0.99659
22307.30000 0.97687 1.00392 0.99812
22307.40000 0.97667 1.00501 0.99883
22307.50000 0.98819 1.00535 0.99897
22307.60000 0.98830 1.00530 0.99880
22307.80000 0.96877 1.00457 0.99774
22307.90000 0.94694 1.00395 0.99691
22308.00000 0.95386 1.00316 0.99603
22308.10000 0.94808 1.00206 0.99530
22308.20000 0.96067 0.99996 0.99493
22308.30000 0.96483 0.99488 0.99503
22308.40000 0.96780 0.98386 0.99553
22308.50000 0.95244 0.96512 0.99629
22308.70000 0.94512 0.91480 0.99772
22308.80000 0.94270 0.89631 0.99812
22308.90000 0.94402 0.89225 0.99832
22309.00000 0.94371 0.90450 0.99837
22309.10000 0.95852 0.92771 0.99832
22309.20000 0.94332 0.95367 0.99820
22309.30000 0.94052 0.97557 0.99801
22309.40000 0.94708 0.98981 0.99773
22309.50000 0.95956 0.99660 0.99733
22309.70000 0.95327 0.99913 0.99590
22309.80000 0.94879 0.99894 0.99439
22309.90000 0.94163 0.99803 0.99113
22310.00000 0.93425 0.99478 0.98310
22310.10000 0.93384 0.98645 0.96536
22310.20000 0.94774 0.97104 0.93403
22310.30000 0.96270 0.94912 0.89005
22310.40000 0.96104 0.92386 0.84012
22310.60000 0.94882 0.88798 0.77422
22310.70000 0.92150 0.89087 0.78359
22310.80000 0.89045 0.90747 0.81951
22310.90000 0.88376 0.93070 0.86743
22311.00000 0.95472 0.95419 0.91379
22311.10000 0.97438 0.97375 0.94979
22311.20000 0.96334 0.98723 0.97197
22311.30000 0.95272 0.99486 0.98237
22311.40000 0.93864 0.99848 0.98600
22311.60000 0.95210 0.99986 0.98808
22311.70000 0.95130 0.99817 0.98963
22311.80000 0.94642 0.99292 0.99197
22311.90000 0.93588 0.98123 0.99461
22312.00000 0.94671 0.96163 0.99677
22312.10000 0.95085 0.93637 0.99804
22312.20000 0.95431 0.91130 0.99862
22312.30000 0.95248 0.89446 0.99887
22312.50000 0.94663 0.90706 0.99912
22312.60000 0.93119 0.93139 0.99921
22312.70000 0.91696 0.95760 0.99928
22312.80000 0.91623 0.97921 0.99934
22312.90000 0.92458 0.99307 0.99939
22313.00000 0.94455 0.99977 0.99944
22313.10000 0.97389 1.00214 0.99948
22313.20000 0.98456 1.00277 0.99952
22313.30000 0.98160 1.00303 0.99956
22313.50000 0.98215 1.00402 0.99961
22313.60000 0.99246 1.00476 0.99964
22313.70000 0.98434 1.00542 0.99966
22313.80000 0.99208 1.00587 0.99967
22313.90000 0.98550 1.00612 0.99969
22314.00000 0.98248 1.00624 0.99970
22314.10000 0.96325 1.00631 0.99972
22314.20000 0.95725 1.00636 0.99973
22314.40000 0.94774 1.00645 0.99975
22314.50000 0.95541 1.00648 0.99976
22314.60000 0.95755 1.00651 0.99978
22314.70000 0.95983 1.00653 0.99979
22314.80000 0.96462 1.00656 0.99980
22314.90000 0.97667 1.00657 0.99980
22315.00000 0.98066 1.00659 0.99981
22315.10000 0.99391 1.00661 0.99982
22315.20000 0.99508 1.00662 0.99982
22315.40000 0.98569 1.00664 0.99983
22315.50000 0.98187 1.00666 0.99984
22315.60000 0.98515 1.00667 0.99985
22315.70000 0.97408 1.00668 0.99985
22315.80000 0.98037 1.00669 0.99986
22315.90000 0.98057 1.00670 0.99986
22316.00000 0.98767 1.00670 0.99986
22316.10000 0.98351 1.00671 0.99987
22316.30000 0.98365 1.00672 0.99987
22316.40000 0.97611 1.00672 0.99988
22316.50000 0.98126 1.00673 0.99988
22316.60000 0.97978 1.00673 0.99988
22316.70000 0.96922 1.00674 0.99989
22316.80000 0.95955 1.00674 0.99989
22316.90000 0.95691 1.00675 0.99989
22317.00000 0.95858 1.00675 0.99989
22317.10000 0.96436 1.00676 0.99990
22317.30000 0.97123 1.00676 0.99990
22317.40000 0.97306 1.00677 0.99990
22317.50000 0.98716 1.00677 0.99990
22317.60000 0.99863 1.00678 0.99990
22317.70000 0.99771 1.00678 0.99991
22317.80000 0.98830 1.00678 0.99991
22317.90000 0.98929 1.00678 0.99991
22318.00000 1.00179 1.00678 0.99991
22318.10000 1.00212 1.00678 0.99991
22318.30000 0.99051 1.00679 0.99991
22318.40000 1.00781 1.00679 0.99991
22318.50000 1.06709 1.00679 0.99992
22318.60000 0.99489 1.00679 0.99992
22318.70000 0.98384 1.00679 0.99992
22318.80000 0.98408 1.00679 0.99991
22318.90000 0.66993 1.00679 0.99991
22319.00000 0.98835 1.00678 0.99991
22319.20000 0.98476 1.00675 0.99988
22319.30000 1.01745 1.00665 0.99982
22319.40000 0.96510 1.00632 0.99957
22319.50000 0.95912 1.00536 0.99880
22319.60000 0.96412 1.00313 0.99701
22319.70000 0.97780 0.99925 0.99388
22319.80000 0.97837 0.99421 0.98982
22319.90000 0.98417 0.98943 0.98597
22320.00000 1.03054 0.98654 0.98364
22320.20000 1.03057 0.98935 0.98590
22320.30000 1.00627 0.99411 0.98972
22320.40000 0.99581 0.99917 0.99379
22320.50000 0.97248 1.00309 0.99694
22320.60000 0.97989 1.00535 0.99876
22320.70000 0.98582 1.00633 0.99955
22320.80000 1.00186 1.00666 0.99981
22320.90000 1.00995 1.00676 0.99989
22321.00000 1.00095 1.00679 0.99991
22321.20000 0.98727 1.00681 0.99993
22321.30000 0.98331 1.00681 0.99993
22321.40000 0.97447 1.00682 0.99993
22321.50000 0.98442 1.00682 0.99993
22321.60000 0.99398 1.00682 0.99994
22321.70000 1.00056 1.00682 0.99994
22321.80000 0.99750 1.00682 0.99994
22321.90000 0.99660 1.00682 0.99994
22322.10000 0.99979 1.00683 0.99994
22322.20000 1.02385 1.00683 0.99994
22322.30000 0.96930 1.00683 0.99994
22322.40000 0.91908 1.00683 0.99994
22322.50000 1.00745 1.00683 0.99994
22322.60000 0.98341 1.00683 0.99994
22322.70000 0.97018 1.00683 0.99994
22322.80000 0.96033 1.00683 0.99994
22322.90000 0.95018 1.00683 0.99994
22323.10000 0.93824 1.00683 0.99994
22323.20000 0.94971 1.00683 0.99994
22323.30000 0.96411 1.00683 0.99994
22323.40000 0.96541 1.00683 0.99994
22323.50000 0.94443 1.00682 0.99994
22323.60000 0.94889 1.00682 0.99994
22323.70000 0.98098 1.00682 0.99994
22323.80000 0.98712 1.00682 0.99994
22323.90000 0.96301 1.00683 0.99994
22324.10000 0.93839 1.00683 0.99994
22324.20000 0.92757 1.00683 0.99994
22324.30000 0.93184 1.00683 0.99995
22324.40000 0.94352 1.00683 0.99995
22324.50000 0.96545 1.00683 0.99995
22324.60000 0.97443 1.00683 0.99995
22324.70000 0.97746 1.00683 0.99995
22324.80000 0.97757 1.00683 0.99995
22324.90000 0.98511 1.00683 0.99995
22325.10000 0.97422 1.00683 0.99994
22325.20000 0.97675 1.00683 0.99994
22325.30000 0.97354 1.00683 0.99994
22325.40000 0.98683 1.00683 0.99994
22325.50000 0.99821 1.00683 0.99994
22325.60000 1.00153 1.00682 0.99994
22325.70000 1.00100 1.00682 0.99994
22325.80000 0.99314 1.00682 0.99994
22326.00000 0.97084 1.00682 0.99994
22326.10000 0.96989 1.00682 0.99993
22326.20000 0.96971 1.00681 0.99993
22326.30000 0.97586 1.00681 0.99992
22326.40000 0.98152 1.00679 0.99991
22326.50000 0.98771 1.00673 0.99986
22326.60000 1.00966 1.00652 0.99970
22326.70000 0.87965 1.00588 0.99918
22326.80000 1.02701 1.00421 0.99784
22327.00000 1.00466 0.99625 0.99144
22327.10000 0.98279 0.99119 0.98738
22327.20000 0.97331 0.98744 0.98436
22327.30000 0.97351 0.98628 0.98343
22327.40000 0.97166 0.98808 0.98488
22327.50000 0.97871 0.99226 0.98824
22327.60000 0.97852 0.99739 0.99236
22327.70000 0.97527 1.00185 0.99594
22327.80000 0.95425 1.00473 0.99826
22328.00000 0.90680 1.00662 0.99977
22328.10000 0.88410 1.00676 0.99989
22328.20000 0.87284 1.00680 0.99992
22328.30000 0.88909 1.00681 0.99993
22328.40000 0.90904 1.00682 0.99993
22328.50000 0.92729 1.00682 0.99994
22328.60000 0.96384 1.00682 0.99994
22328.70000 0.98040 1.00683 0.99994
22328.80000 0.98658 1.00683 0.99994
22329.00000 0.99023 1.00683 0.99994
22329.10000 0.99657 1.00683 0.99994
22329.20000 0.99440 1.00683 0.99994
22329.30000 0.99392 1.00683 0.99994
22329.40000 0.99303 1.00683 0.99994
22329.50000 0.98330 1.00683 0.99994
22329.60000 0.97100 1.00683 0.99994
22329.70000 0.97597 1.00683 0.99994
22329.90000 0.98366 1.00683 0.99994
22330.00000 0.97971 1.00683 0.99994
22330.10000 0.98680 1.00683 0.99994
22330.20000 0.97828 1.00683 0.99994
22330.30000 0.97341 1.00683 0.99994
22330.40000 0.97105 1.00683 0.99994
22330.50000 0.96341 1.00682 0.99994
22330.60000 0.97216 1.00682 0.99993
22330.70000 0.98206 1.00681 0.99993
22330.90000 0.99172 1.00664 0.99979
22331.00000 0.99316 1.00620 0.99944
22331.10000 0.99104 1.00505 0.99851
22331.20000 0.98395 1.00281 0.99671
22331.30000 0.96200 0.99955 0.99410
22331.40000 0.98939 0.99608 0.99130
22331.50000 0.93036 0.99352 0.98925
22331.60000 0.94206 0.99274 0.98862
22331.70000 1.01656 0.99399 0.98962
22331.90000 0.96575 1.00036 0.99474
22332.00000 0.96738 1.00341 0.99719
22332.10000 0.97583 1.00537 0.99877
22332.20000 0.97676 1.00631 0.99953
22332.30000 0.96871 1.00666 0.99981
22332.40000 0.95859 1.00677 0.99990
22332.50000 0.94277 1.00681 0.99993
22332.60000 0.94979 1.00682 0.99994
22332.70000 0.96445 1.00682 0.99994
22332.90000 0.97974 1.00683 0.99994
22333.00000 0.98487 1.00683 0.99994
22333.10000 0.97872 1.00683 0.99994
22333.20000 0.95811 1.00683 0.99994
22333.30000 0.94666 1.00683 0.99994
22333.40000 0.96052 1.00682 0.99994
22333.50000 0.97914 1.00682 0.99994
22333.60000 0.98349 1.00682 0.99994
22333.80000 0.98403 1.00681 0.99993
22333.90000 0.97447 1.00680 0.99992
22334.00000 0.96804 1.00676 0.99989
22334.10000 0.95771 1.00665 0.99980
22334.20000 0.95952 1.00627 0.99949
22334.30000 0.96488 1.00518 0.99862
22334.40000 0.96489 1.00271 0.99664
22334.50000 0.97641 0.99848 0.99324
22334.60000 0.98352 0.99308 0.98889
22334.80000 0.99510 0.98511 0.98249
22334.90000 0.97814 0.98524 0.98260
22335.00000 0.98079 0.98841 0.98514
22335.10000 0.99093 0.99354 0.98927
22335.20000 0.99521 0.99891 0.99358
22335.30000 0.98413 1.00301 0.99687
22335.40000 0.97006 1.00534 0.99875
22335.50000 0.94953 1.00634 0.99955
22335.60000 0.96307 1.00667 0.99982
22335.80000 0.97368 1.00681 0.99992
22335.90000 0.99147 1.00682 0.99993
22336.00000 0.99912 1.00682 0.99994
22336.10000 1.00138 1.00682 0.99994
22336.20000 1.00076 1.00683 0.99994
22336.30000 0.99246 1.00683 0.99994
22336.40000 0.98267 1.00683 0.99994
22336.50000 0.97099 1.00682 0.99994
22336.60000 0.97820 1.00682 0.99994
22336.80000 0.98335 1.00682 0.99994
22336.90000 0.97795 1.00682 0.99994
22337.00000 0.97108 1.00681 0.99994
22337.10000 0.97972 1.00681 0.99993
22337.20000 0.98206 1.00681 0.99993
22337.30000 0.98098 1.00680 0.99993
22337.40000 0.98295 1.00679 0.99992
22337.50000 0.97640 1.00677 0.99990
22337.60000 0.97830 1.00670 0.99984
22337.80000 0.96877 1.00575 0.99908
