      22071.0      1.02257
      22071.1     0.972403
      22071.1     0.985748
      22071.2     0.980227
      22071.2     0.965375
      22071.4     0.964767
      22071.5     0.967232
      22071.5     0.964644
      22071.6     0.963739
      22071.7     0.960252
      22071.8     0.969167
      22071.9     0.982489
      22072.0     0.984048
      22072.0     0.983189
      22072.1     0.991545
      22072.2     0.969306
      22072.2     0.955461
      22072.4     0.955517
      22072.5     0.946189
      22072.5     0.948541
      22072.6     0.955579
      22072.7     0.954568
      22072.8     0.965215
      22072.9     0.977325
      22073.0     0.986597
      22073.0     0.982129
      22073.1     0.991948
      22073.2     0.982106
      22073.2     0.960050
      22073.4     0.954261
      22073.5     0.945250
      22073.6     0.941679
      22073.6     0.965912
      22073.7     0.962940
      22073.8     0.971643
      22073.9     0.986399
      22074.0     0.972933
      22074.1     0.967749
      22074.1     0.970359
      22074.2     0.995154
      22074.2      1.01128
      22074.4     0.999365
      22074.5      1.00162
      22074.6      1.00034
      22074.7     0.985834
      22074.7     0.959610
      22074.8     0.936880
      22074.9     0.943256
      22075.0     0.953554
      22075.1     0.972412
      22075.2     0.982438
      22075.2     0.985328
      22075.2     0.983443
      22075.4     0.994275
      22075.5      1.00346
      22075.6      1.00925
      22075.7      1.00645
      22075.8     0.995780
      22075.9      1.00937
      22076.0     0.980991
      22076.0     0.994911
      22076.1     0.986376
      22076.2     0.979505
      22076.2     0.964055
      22076.4     0.967732
      22076.5     0.962389
      22076.6     0.972179
      22076.6     0.975672
      22076.7     0.965291
      22076.8     0.974917
      22076.9     0.969611
      22077.0     0.985137
      22077.1     0.999447
      22077.2     0.994100
      22077.2     0.991200
      22077.2     0.976676
      22077.4     0.980333
      22077.5     0.969916
      22077.6     0.956598
      22077.7     0.946418
      22077.8     0.946555
      22077.9     0.959763
      22078.0     0.965001
      22078.1     0.971758
      22078.1     0.982888
      22078.2     0.979558
      22078.2     0.996246
      22078.4     0.962964
      22078.5     0.968630
      22078.6     0.955258
      22078.7     0.944748
      22078.8     0.937633
      22078.9     0.944274
      22078.9     0.962105
      22079.0     0.968012
      22079.1     0.958411
      22079.2     0.957460
      22079.2     0.952667
      22079.4     0.948577
      22079.5     0.943149
      22079.6     0.958740
      22079.7     0.968958
      22079.8     0.975402
      22079.8     0.984770
      22079.9     0.993403
      22080.0     0.984632
      22080.1     0.986949
      22080.2     0.973043
      22080.2     0.966484
      22080.4     0.952258
      22080.5     0.934515
      22080.6     0.924314
      22080.7     0.938720
      22080.7     0.945482
      22080.8     0.935762
      22080.9     0.940163
      22081.0     0.937588
      22081.1     0.923555
      22081.2     0.934351
      22081.2     0.916201
      22081.4     0.896561
      22081.5     0.879188
      22081.6     0.874411
      22081.7     0.871846
      22081.8     0.890757
      22081.8     0.877957
      22081.9     0.875305
      22082.0     0.857085
      22082.1     0.848792
      22082.2     0.831874
      22082.2     0.827718
      22082.4     0.814007
      22082.5     0.790044
      22082.6     0.790211
      22082.7     0.773126
      22082.8     0.745792
      22082.9     0.733828
      22083.0     0.730135
      22083.0     0.703016
      22083.1     0.696241
      22083.2     0.712352
      22083.2     0.707524
      22083.4     0.729974
      22083.5     0.750013
      22083.6     0.757734
      22083.7     0.754736
      22083.8     0.747015
      22083.9     0.731667
      22084.0     0.718065
      22084.1     0.709142
      22084.2     0.715380
      22084.2     0.728609
      22084.4     0.737166
      22084.5     0.741896
      22084.5     0.754057
      22084.6     0.777617
      22084.7     0.791109
      22084.8     0.808125
      22084.9     0.833407
      22085.0     0.842640
      22085.1     0.847494
      22085.2     0.857954
      22085.2     0.881795
      22085.4     0.868978
      22085.5     0.893317
      22085.6     0.891332
      22085.7     0.905004
      22085.8     0.909852
      22085.9     0.929316
      22086.0     0.921911
      22086.1     0.922456
      22086.2     0.927395
      22086.2     0.931330
      22086.4     0.937311
      22086.5     0.943262
      22086.6     0.955817
      22086.6     0.953380
      22086.7     0.959750
      22086.8     0.967469
      22086.9     0.962061
      22087.0     0.974111
      22087.1     0.970795
      22087.2     0.975228
      22087.2     0.976141
      22087.4     0.975240
      22087.5     0.979476
      22087.6     0.979745
      22087.7     0.982841
      22087.8     0.987411
      22087.9     0.972236
      22088.0     0.976185
      22088.1     0.969120
      22088.2     0.964658
      22088.2     0.963783
      22088.4     0.966391
      22088.5     0.973690
      22088.6     0.970709
      22088.7     0.957054
      22088.8     0.955007
      22088.9     0.932176
      22089.0     0.939108
      22089.1     0.953317
      22089.2     0.972357
      22089.2     0.972118
      22089.4     0.981974
      22089.5     0.988533
      22089.6     0.978406
      22089.7     0.978334
      22089.8     0.964747
      22089.9     0.957753
      22090.0     0.974077
      22090.1     0.968814
      22090.2     0.972762
      22090.2     0.963510
      22090.4     0.978325
      22090.5     0.972443
      22090.6     0.957652
      22090.7     0.958198
      22090.8     0.981195
      22090.9     0.981407
      22091.0     0.984389
      22091.1     0.994359
      22091.2     0.994370
      22091.2     0.992623
      22091.4     0.993197
      22091.5     0.982575
      22091.6     0.968696
      22091.7     0.965441
      22091.8     0.952175
      22091.9     0.974837
      22092.0     0.989968
      22092.1     0.998297
      22092.2      1.00270
      22092.2     0.981705
      22092.4     0.965227
      22092.5     0.961413
      22092.6     0.961423
      22092.7     0.948332
      22092.8     0.942579
      22092.9     0.942126
      22093.0     0.949698
      22093.1     0.952029
      22093.2     0.980418
      22093.2     0.985944
      22093.4     0.985065
      22093.5     0.990264
      22093.6     0.992145
      22093.7     0.985832
      22093.8     0.988575
      22093.9     0.971603
      22093.9     0.970066
      22094.0     0.987502
      22094.2     0.990423
      22094.2     0.991606
      22094.4     0.994056
      22094.5     0.986405
      22094.6     0.982989
      22094.7     0.983117
      22094.9     0.970385
      22095.0     0.973897
      22095.1     0.974480
      22095.2     0.996289
      22095.2      1.01009
      22095.4      1.00215
      22095.5     0.987818
      22095.6     0.982399
      22095.7     0.954297
      22095.8     0.950634
      22095.8     0.982218
      22095.9     0.996563
      22096.1      1.01583
      22096.2      1.00082
      22096.2     0.988999
      22096.4     0.995663
      22096.5     0.995834
      22096.6     0.993931
      22096.7     0.998389
      22096.8     0.983761
      22096.9     0.978944
      22097.0     0.965172
      22097.2     0.945591
      22097.2     0.927671
      22097.4     0.933758
      22097.4     0.938524
      22097.5     0.962538
      22097.7     0.966862
      22097.8     0.984670
      22097.8     0.972947
      22098.0     0.979597
      22098.1     0.961385
      22098.2     0.948878
      22098.2     0.934632
      22098.4     0.950852
      22098.5     0.964317
      22098.6     0.974833
      22098.7     0.985691
      22098.9     0.988831
      22099.0     0.990564
      22099.1     0.992899
      22099.2     0.980787
      22099.2     0.990728
      22099.4     0.982297
      22099.4     0.982858
      22099.6     0.972094
      22099.7     0.979185
      22099.8     0.984341
      22099.8     0.998418
      22100.0     0.985865
      22100.1     0.981014
      22100.2     0.975828
      22100.4     0.983147
      22100.5     0.997496
      22100.6     0.992549
      22100.7     0.979624
      22100.8     0.965498
      22100.9     0.954531
      22100.9     0.984090
      22101.0     0.996721
      22101.1     0.996192
      22101.2     0.982875
      22101.4     0.990019
      22101.5     0.981650
      22101.6      1.00019
      22101.7     0.995513
      22101.8     0.987306
      22101.9     0.980455
      22102.0     0.985473
      22102.1     0.955681
      22102.2     0.955841
      22102.4     0.937452
      22102.4     0.911242
      22102.7     0.907054
      22102.7     0.944207
      22102.8     0.966436
      22102.9     0.994792
      22103.0     0.997855
      22103.1     0.986025
      22103.2     0.936964
      22103.2     0.893135
      22103.4     0.899271
      22103.6     0.940301
      22103.8     0.952192
      22103.8     0.966013
      22103.9     0.984150
      22104.0      1.00810
      22104.2     0.992852
      22104.2     0.975819
      22104.4     0.957611
      22104.4     0.953926
      22104.6     0.965381
      22104.7     0.954989
      22104.8     0.965623
      22104.9     0.975549
      22105.0     0.974748
      22105.1     0.975717
      22105.2     0.974482
      22105.4     0.987369
      22105.4     0.955908
      22105.6     0.952967
      22105.8     0.956456
      22105.8     0.968687
      22105.9     0.979417
      22106.1     0.978805
      22106.2     0.983048
      22106.2     0.976088
      22106.2     0.975340
      22106.5     0.974531
      22106.6     0.969765
      22106.7     0.975086
      22106.8     0.965514
      22106.9     0.960829
      22107.0     0.964393
      22107.1     0.970856
      22107.4     0.975708
      22107.4     0.988071
      22107.5     0.976492
      22107.7     0.980378
      22107.8     0.964486
      22107.8     0.968510
      22107.9     0.956049
      22108.0     0.948640
      22108.2     0.928818
      22108.2     0.926899
      22108.4     0.933335
      22108.5     0.951627
      22108.6     0.950296
      22108.7     0.952463
      22108.8     0.947955
      22109.0     0.961788
      22109.1     0.964320
      22109.2     0.977675
      22109.2     0.955425
      22109.4     0.963537
      22109.5     0.948419
      22109.7     0.956742
      22109.8     0.947798
      22109.9     0.969867
      22110.0     0.970484
      22110.1     0.979456
      22110.2     0.966891
      22110.2     0.978407
      22110.5     0.998358
      22110.6      1.01049
      22110.7      1.01130
      22110.8      1.00793
      22110.9      1.00603
      22111.0     0.995538
      22111.2     0.983343
      22111.2     0.977077
      22111.4     0.980620
      22111.5      1.00450
      22111.6      1.00839
      22111.7      1.02553
      22111.8     0.999700
      22112.0     0.998809
      22112.1     0.973800
      22112.2     0.986870
      22112.2     0.984735
      22112.4     0.998300
      22112.5      1.00282
      22112.7      1.00330
      22112.8      1.00149
      22112.9     0.998840
      22113.0     0.998438
      22113.1      1.00130
      22113.2     0.991159
      22113.4     0.983782
      22113.5     0.976132
      22113.6     0.984617
      22113.7     0.982519
      22113.8     0.981503
      22114.0     0.992011
      22114.1     0.997378
      22114.2      1.00124
      22114.2      1.01014
      22114.4      1.01326
      22114.5      1.01089
      22114.7     0.997894
      22114.8     0.997694
      22114.9     0.986902
      22115.0     0.993540
      22115.1     0.996623
      22115.2     0.998100
      22115.4     0.985668
      22115.5     0.999998
      22115.6     0.985977
      22115.7     0.989915
      22115.8     0.989785
      22116.0     0.992625
      22116.1     0.977233
      22116.2     0.976671
      22116.2     0.933963
      22116.4     0.943952
      22116.6     0.957498
      22116.7     0.974511
      22116.8     0.987365
      22116.9     0.999153
      22117.0     0.991357
      22117.2      1.00778
      22117.2     0.999829
      22117.4     0.986577
      22117.5     0.972403
      22117.6     0.965583
      22117.7     0.969972
      22117.9     0.983899
      22118.0     0.969288
      22118.1     0.984253
      22118.2     0.958457
      22118.2     0.943118
      22118.5     0.950628
      22118.6     0.967774
      22118.7     0.984397
      22118.8     0.995318
      22118.9     0.986256
      22119.1     0.982507
      22119.2     0.974972
      22119.2     0.981246
      22119.4     0.980870
      22119.5     0.983756
      22119.7     0.966877
      22119.8     0.976016
      22119.9     0.960248
      22120.0     0.979238
      22120.1     0.991150
      22120.2     0.994776
      22120.4     0.993438
      22120.5     0.998642
      22120.6     0.983446
      22120.7     0.985382
      22120.9     0.976723
      22121.0     0.955619
      22121.1     0.940384
      22121.2     0.956093
      22121.2     0.957318
      22121.5     0.943168
      22121.6     0.974281
      22121.7     0.993565
      22121.8     0.992877
      22122.0     0.996028
      22122.1     0.983545
      22122.2     0.985755
      22122.2     0.976028
      22122.4     0.976844
      22122.6     0.974223
      22122.7     0.978461
      22122.8     0.972662
      22122.9     0.954358
      22123.0     0.928529
      22123.2     0.943448
      22123.2     0.943957
      22123.4     0.960012
      22123.5     0.957311
      22123.6     0.954206
      22123.8     0.952829
      22123.9     0.956429
      22124.0     0.973274
      22124.1     0.972571
      22124.2     0.960363
      22124.4     0.971243
      22124.5     0.972823
      22124.6     0.990811
      22124.7     0.983222
      22124.9     0.996262
      22125.0     0.993711
      22125.1     0.995524
      22125.2     0.984760
      22125.4     0.971570
      22125.5     0.961341
      22125.6     0.965340
      22125.7     0.978866
      22125.8     0.992415
      22126.0     0.990397
      22126.1      1.00179
      22126.2     0.993075
      22126.2     0.983388
      22126.4     0.967259
      22126.6     0.981472
      22126.7     0.986496
      22126.8      1.00480
      22126.9     0.995872
      22127.1     0.996865
      22127.2     0.983891
      22127.2     0.966961
      22127.4     0.969931
      22127.5     0.981197
      22127.7     0.983882
      22127.8     0.989600
      22127.9     0.983488
      22128.0     0.988353
      22128.2     0.990150
      22128.2     0.993957
      22128.4     0.991020
      22128.5      1.00338
      22128.6     0.993455
      22128.8     0.984158
      22128.9     0.954003
      22129.0     0.944939
      22129.1     0.934021
      22129.2     0.957810
      22129.4     0.976763
      22129.5      1.00873
      22129.6      1.00665
      22129.7      1.01429
      22129.9     0.991638
      22130.0     0.974871
      22130.1     0.966184
      22130.2     0.969877
      22130.4     0.982430
      22130.5     0.996130
      22130.6     0.981293
      22130.7     0.978160
      22130.8     0.974792
      22131.0     0.965151
      22131.1     0.951607
      22131.2     0.968550
      22131.2     0.977466
      22131.5     0.975141
      22131.6     0.957973
      22131.7     0.975576
      22131.8     0.990773
      22132.0     0.993654
      22132.1     0.987852
      22132.2      1.00374
      22132.2     0.988242
      22132.4      1.00211
      22132.6     0.987177
      22132.7     0.996303
      22132.8     0.977816
      22132.9     0.989377
      22133.1     0.967781
      22133.2     0.974313
      22133.2     0.987706
      22133.4     0.991104
      22133.5     0.993438
      22133.7     0.997110
      22133.8     0.995906
      22133.9     0.989076
      22134.0     0.990301
      22134.2     0.994947
      22134.2      1.00068
      22134.4      1.00731
      22134.5      1.01173
      22134.6     0.991792
      22134.8     0.993058
      22134.9      1.00418
      22135.0     0.992829
      22135.1     0.992888
      22135.2     0.976221
      22135.4     0.991689
      22135.5     0.999791
      22135.6     0.995879
      22135.7     0.982520
      22135.9     0.978953
      22136.0     0.963279
      22136.1     0.961393
      22136.2     0.981354
      22136.4     0.990124
      22136.5     0.985297
      22136.6     0.993155
      22136.7     0.975104
      22136.8     0.985287
      22137.0     0.986879
      22137.1      1.00245
      22137.2     0.992799
      22137.2     0.988331
      22137.5     0.972359
      22137.6     0.963557
      22137.7     0.965453
      22137.8     0.962640
      22137.9     0.963029
      22138.1     0.974762
      22138.2     0.965636
      22138.2     0.979926
      22138.4     0.980770
      22138.5     0.992972
      22138.7     0.985618
      22138.8     0.994674
      22138.9     0.979582
      22139.0     0.991483
      22139.2     0.978407
      22139.2     0.949210
      22139.4     0.934005
      22139.5     0.957633
      22139.6     0.992590
      22139.8      1.01071
      22139.9      1.01599
      22140.0      1.01399
      22140.1      1.01336
      22140.2      1.00004
      22140.4     0.982975
      22140.5     0.977409
      22140.6     0.957075
      22140.7     0.957942
      22140.9     0.964180
      22141.0     0.985059
      22141.1     0.984169
      22141.2     0.989341
      22141.2     0.978839
      22141.5     0.988892
      22141.6     0.983293
      22141.7     0.972092
      22141.8     0.954050
      22141.9     0.975901
      22142.1     0.986779
      22142.2      1.00154
      22142.2      1.00869
      22142.4     0.993462
      22142.5     0.988391
      22142.7     0.974719
      22142.8     0.975779
      22142.9     0.992489
      22143.0     0.993821
      22143.1     0.989575
      22143.2     0.992423
      22143.4     0.985726
      22143.5     0.960667
      22143.6     0.978241
      22143.7     0.957908
      22143.9     0.960511
      22144.0     0.958198
      22144.1     0.970051
      22144.2     0.985377
      22144.2     0.993505
      22144.5     0.977706
      22144.6     0.972897
      22144.7     0.965262
      22144.8     0.970467
      22144.9     0.968984
      22145.1     0.982282
      22145.2     0.973874
      22145.2     0.975104
      22145.4     0.977226
      22145.5     0.987332
      22145.7     0.986976
      22145.8     0.996883
      22145.9     0.989805
      22146.0     0.997653
      22146.1      1.00613
      22146.2     0.995979
      22146.4     0.987116
      22146.5     0.985354
      22146.6     0.958422
      22146.7     0.936396
      22146.8     0.947780
      22147.0     0.977257
      22147.1     0.975581
      22147.2     0.999171
      22147.2     0.991394
      22147.4     0.990809
      22147.6     0.966329
      22147.7     0.959587
      22147.8     0.963317
      22147.9     0.973785
      22148.0     0.985537
      22148.2     0.973292
      22148.2     0.967061
      22148.4     0.960285
      22148.5     0.944401
      22148.6     0.956795
      22148.7     0.963919
      22148.9     0.978979
      22149.0     0.990969
      22149.1      1.00414
      22149.2     0.982055
      22149.2     0.978155
      22149.4     0.990338
      22149.6      1.00313
      22149.7     0.995465
      22149.8     0.982702
      22149.9     0.969854
      22150.0     0.959439
      22150.1     0.961918
      22150.2     0.981711
      22150.4     0.970915
      22150.5     0.987917
      22150.6     0.992424
      22150.7     0.971124
      22150.8     0.978291
      22151.0     0.978380
      22151.1      1.02079
      22151.2      1.04760
      22151.2     0.992747
      22151.4     0.956208
      22151.5     0.968200
      22151.7     0.979702
      22151.8     0.979371
      22151.9     0.973697
      22152.0     0.951881
      22152.1     0.963833
      22152.2     0.980184
      22152.4     0.985546
      22152.5     0.986965
      22152.6      1.00668
      22152.7     0.991832
      22152.8     0.996115
      22152.9     0.975879
      22153.1     0.971885
      22153.2     0.965188
      22153.2     0.968420
      22153.4     0.971134
      22153.5     0.983612
      22153.6     0.986065
      22153.7     0.987779
      22153.9     0.982175
      22154.0     0.987929
      22154.1     0.954033
      22154.2     0.954740
      22154.2     0.961671
      22154.4     0.986837
      22154.5     0.972417
      22154.7     0.964307
      22154.8     0.956632
      22154.9     0.962851
      22155.0     0.924121
      22155.1     0.932227
      22155.2     0.951589
      22155.2     0.970071
      22155.5     0.958000
      22155.6     0.951620
      22155.7     0.938025
      22155.8     0.944328
      22155.9     0.969678
      22156.0     0.975179
      22156.1     0.988204
      22156.2     0.989251
      22156.4     0.992025
      22156.5     0.992884
      22156.6     0.960403
      22156.7     0.989056
      22156.8      1.00300
      22156.9      1.00778
      22157.0      1.00383
      22157.2      1.00324
      22157.2     0.998461
      22157.4      1.00133
      22157.5     0.996779
      22157.6      1.00087
      22157.7     0.986252
      22157.8     0.990268
      22157.9     0.975855
      22158.1     0.959369
      22158.2     0.924797
      22158.2     0.998604
      22158.4      1.01811
      22158.5      1.00774
      22158.6     0.970751
      22158.7     0.954345
      22158.8     0.938292
      22158.9     0.923205
      22159.1     0.919387
      22159.2     0.948155
      22159.2     0.943730
      22159.4     0.954708
      22159.5     0.949401
      22159.6     0.958919
      22159.7     0.955873
      22159.8     0.972864
      22159.9     0.962327
      22160.1     0.957399
      22160.2     0.948708
      22160.2     0.949058
      22160.4     0.951810
      22160.5     0.980515
      22160.6     0.985617
      22160.7      1.00425
      22160.8     0.987928
      22160.9     0.994944
      22161.0     0.982334
      22161.2     0.971459
      22161.2     0.961292
      22161.4     0.960323
      22161.5     0.958048
      22161.6     0.971621
      22161.7     0.971941
      22161.8     0.986614
      22161.9     0.986575
      22162.0     0.994639
      22162.1     0.981701
      22162.2     0.971398
      22162.4     0.977486
      22162.5     0.965838
      22162.6     0.959344
      22162.7     0.958868
      22162.8     0.951955
      22162.9     0.958393
      22163.0     0.944423
      22163.1     0.969895
      22163.2     0.966955
      22163.2     0.970560
      22163.4     0.947469
      22163.5     0.953798
      22163.6     0.965916
      22163.8     0.959519
      22163.9     0.955801
      22164.0     0.962146
      22164.1     0.969552
      22164.2     0.958751
      22164.2     0.956525
      22164.4     0.955770
      22164.5     0.959968
      22164.6     0.967680
      22164.7     0.962015
      22164.8     0.944796
      22164.9     0.945850
      22165.0     0.960302
      22165.1     0.952583
      22165.2     0.967383
      22165.4     0.972692
      22165.5     0.983107
      22165.6     0.977555
      22165.7     0.971237
      22165.8     0.961033
      22165.9     0.966137
      22166.0     0.971019
      22166.1     0.983355
      22166.2     0.979772
      22166.2     0.996611
      22166.4     0.989561
      22166.5     0.979692
      22166.6     0.983171
      22166.7     0.987841
      22166.8     0.982465
      22166.9     0.985802
      22167.0     0.976387
      22167.1     0.982190
      22167.2     0.973270
      22167.4     0.977247
      22167.5     0.967872
      22167.6     0.943996
      22167.7     0.952283
      22167.8     0.973029
      22167.9     0.975598
      22168.0     0.974214
      22168.1     0.981353
      22168.2     0.974650
      22168.2     0.968361
      22168.4     0.950045
      22168.5     0.955420
      22168.6     0.954819
      22168.7     0.956519
      22168.8     0.961933
      22168.9     0.967285
      22169.0     0.979813
      22169.1     0.968280
      22169.2     0.972899
      22169.2     0.976145
      22169.4     0.994766
      22169.5     0.991214
      22169.6     0.990537
      22169.7     0.999995
      22169.8     0.988156
      22169.9     0.987592
      22170.0     0.975930
      22170.1     0.968876
      22170.2     0.962003
      22170.2     0.959745
      22170.5     0.956281
      22170.6     0.968933
      22170.7     0.970845
      22170.8     0.963360
      22170.9     0.961447
      22171.0     0.948064
      22171.1     0.955466
      22171.2     0.974682
      22171.2     0.998843
      22171.4     0.994968
      22171.5     0.995705
      22171.6     0.985484
      22171.7     0.995625
      22171.8     0.990475
      22171.9     0.986412
      22172.0     0.980628
      22172.1     0.963973
      22172.2     0.974509
      22172.2     0.985299
      22172.4     0.978937
      22172.5     0.985178
      22172.6     0.969906
      22172.7     0.966881
      22172.8     0.936506
      22172.9     0.969908
      22173.0     0.965721
      22173.1     0.966456
      22173.2     0.951329
      22173.2     0.961831
      22173.4     0.967107
      22173.5     0.970729
      22173.6     0.962686
      22173.7     0.968589
      22173.8     0.974797
      22173.9     0.976685
      22174.0     0.981658
      22174.1     0.998836
      22174.2     0.999353
      22174.2      1.00340
      22174.4      1.00629
      22174.4      1.00110
      22174.5     0.991719
      22174.6      1.00268
      22174.7      1.00213
      22174.8      1.00836
      22174.9     0.995179
      22175.0     0.991767
      22175.1     0.986549
      22175.2     0.989327
      22175.2     0.985705
      22175.4     0.980069
      22175.5     0.984267
      22175.6     0.976690
      22175.7     0.972395
      22175.8     0.973497
      22175.9     0.970158
      22176.0     0.969643
      22176.1     0.960352
      22176.2     0.958117
      22176.2     0.969933
      22176.4     0.983497
      22176.5     0.972447
      22176.6     0.981224
      22176.7     0.969875
      22176.8     0.983792
      22176.9     0.996967
      22177.0      1.00213
      22177.1     0.994059
      22177.2      1.00404
      22177.2     0.993028
      22177.4     0.995195
      22177.4     0.968143
      22177.5     0.959658
      22177.6     0.946735
      22177.7     0.944109
      22177.8     0.946814
      22177.9     0.950010
      22178.0     0.939938
      22178.1     0.934451
      22178.2     0.933775
      22178.2     0.951855
      22178.4     0.960109
      22178.5     0.973228
      22178.6     0.960845
      22178.7     0.966141
      22178.8     0.976466
      22178.9     0.991108
      22179.0      1.00535
      22179.1     0.996954
      22179.2     0.958471
      22179.2     0.939163
      22179.2     0.936864
      22179.4     0.938842
      22179.5     0.946746
      22179.6     0.965587
      22179.7     0.974370
      22179.8     0.974588
      22179.9     0.957876
      22180.0     0.966093
      22180.1     0.965481
      22180.2     0.965919
      22180.2     0.978991
      22180.4      1.00475
      22180.5      1.02431
      22220.4     0.960394
      22220.5     0.969649
      22220.6     0.990743
      22220.7     0.994628
      22220.8     0.981393
      22220.9     0.980290
      22221.0     0.970829
      22221.1     0.963982
      22221.3     0.968867
      22221.4     0.931464
      22221.5     0.941056
      22221.6     0.959878
      22221.7     0.982426
      22221.8     0.991207
      22221.9     0.985329
      22222.1     0.991450
      22222.2     0.984145
      22222.3     0.986175
      22222.4     0.985748
      22222.5     0.979282
      22222.6     0.971651
      22222.7     0.978553
      22222.8     0.973314
      22223.0     0.974237
      22223.1     0.984049
      22223.2     0.990241
      22223.3      1.00621
      22223.4      1.00919
      22223.5      1.00370
      22223.6      1.00743
      22223.8      1.00115
      22223.9     0.988152
      22224.0     0.981145
      22224.1     0.966147
      22224.2     0.946238
      22224.3     0.952746
      22224.4     0.966793
      22224.5     0.967944
      22224.7     0.984448
      22224.8     0.991564
      22224.9     0.985366
      22225.0     0.989095
      22225.1     0.979447
      22225.2     0.968135
      22225.3     0.964644
      22225.5     0.949254
      22225.6     0.960931
      22225.7     0.965865
      22225.8     0.960873
      22225.9     0.950017
      22226.0     0.936682
      22226.1     0.935079
      22226.2     0.952955
      22226.4     0.965065
      22226.5     0.962270
      22226.6     0.959852
      22226.7     0.973217
      22226.8     0.984854
      22226.9     0.995747
      22227.0     0.996513
      22227.2     0.992504
      22227.3     0.986060
      22227.4     0.987145
      22227.5     0.986597
      22227.6     0.995420
      22227.7     0.998931
      22227.8      1.00178
      22227.9     0.994396
      22228.1     0.976603
      22228.2     0.967318
      22228.3     0.947359
      22228.4     0.951633
      22228.5     0.966212
      22228.6     0.966749
      22228.7     0.963441
      22228.9     0.976094
      22229.0     0.986458
      22229.1     0.982628
      22229.2     0.984732
      22229.3     0.982793
      22229.4     0.988557
      22229.5     0.983494
      22229.6     0.969963
      22229.8     0.971665
      22229.9     0.959598
      22230.0     0.951586
      22230.1     0.957789
      22230.2     0.950921
      22230.3     0.933728
      22230.4     0.931958
      22230.6     0.919884
      22230.7     0.928019
      22230.8     0.926047
      22230.9     0.926687
      22231.0     0.926705
      22231.1     0.915458
      22231.2     0.906342
      22231.3     0.894140
      22231.5     0.886259
      22231.6     0.874939
      22231.7     0.861083
      22231.8     0.850185
      22231.9     0.849769
      22232.0     0.843859
      22232.1     0.835330
      22232.3     0.841610
      22232.4     0.837545
      22232.5     0.839976
      22232.6     0.841344
      22232.7     0.833140
      22232.8     0.834603
      22232.9     0.871477
      22233.1     0.878783
      22233.2     0.869878
      22233.3     0.864357
      22233.4     0.843680
      22233.5     0.838502
      22233.6     0.843515
      22233.7     0.848613
      22233.8     0.850771
      22234.0     0.866827
      22234.1     0.869121
      22234.2     0.884640
      22234.3     0.899118
      22234.4     0.906169
      22234.5     0.917040
      22234.6     0.912656
      22234.8     0.914663
      22234.9     0.914039
      22235.0     0.932300
      22235.1     0.951006
      22235.2     0.960581
      22235.3     0.963486
      22235.4     0.969061
      22235.5     0.964630
      22235.7     0.959516
      22235.8     0.966646
      22235.9     0.951526
      22236.0     0.956358
      22236.1     0.963942
      22236.2     0.965496
      22236.3     0.966934
      22236.5     0.973967
      22236.6     0.970219
      22236.7     0.971522
      22236.8     0.979867
      22236.9     0.978266
      22237.0     0.978256
      22237.1     0.984372
      22237.2     0.991451
      22237.4     0.993266
      22237.5     0.989585
      22237.6     0.984485
      22237.7     0.984897
      22237.8     0.991421
      22237.9     0.991421
      22238.0     0.997449
      22238.2     0.992974
      22238.3     0.995850
      22238.4     0.988716
      22238.5     0.987643
      22238.6     0.991405
      22238.7     0.994624
      22238.8     0.989831
      22238.9     0.994182
      22239.1     0.982982
      22239.2     0.971957
      22239.3     0.961948
      22239.4     0.963850
      22239.5     0.969199
      22239.6     0.979930
      22239.7     0.986533
      22239.9     0.997333
      22240.0     0.994979
      22240.1      1.00195
      22240.2     0.997770
      22240.3     0.976748
      22240.4     0.970523
      22240.5     0.959430
      22240.6     0.962507
      22240.8     0.983399
      22240.9     0.995507
      22241.0     0.998072
      22241.1     0.986247
      22241.2     0.988209
      22241.3      1.00307
      22241.4      1.00824
      22241.6      1.00811
      22241.7      1.00204
      22241.8      1.00153
      22241.9     0.996499
      22242.0      1.00010
      22242.1     0.989557
      22242.2     0.994273
      22242.3     0.990263
      22242.5     0.990906
      22242.6     0.984508
      22242.7     0.977863
      22242.8     0.981629
      22242.9     0.986309
      22243.0     0.996249
      22243.1      1.00577
      22243.3      1.00252
      22243.4     0.998706
      22243.5     0.994146
      22243.6     0.975287
      22243.7     0.976537
      22243.8     0.971006
      22243.9     0.989103
      22244.0     0.990628
      22244.2     0.988378
      22244.3     0.981540
      22244.4     0.990136
      22244.5     0.995392
      22244.6     0.799166
      22244.7     0.975647
      22244.8     0.993909
      22245.0      1.00171
      22245.1      1.00200
      22245.2      1.00014
      22245.3     0.997700
      22245.4     0.988558
      22245.5     0.979330
      22245.6     0.970391
      22245.7     0.958816
      22245.9     0.957092
      22246.0     0.966373
      22246.1     0.957899
      22246.2     0.932832
      22246.3     0.930741
      22246.4     0.976446
      22246.5     0.988297
      22246.7     0.995562
      22246.8     0.986935
      22246.9     0.986997
      22247.0     0.989490
      22247.1     0.992355
      22247.2     0.995045
      22247.3     0.993255
      22247.4     0.983987
      22247.6     0.972501
      22247.7     0.956894
      22247.8     0.946622
      22247.9     0.953954
      22248.0     0.969248
      22248.1     0.980896
      22248.2     0.989161
      22248.4     0.987744
      22248.5     0.982964
      22248.6     0.995862
      22248.7      1.00026
      22248.8      1.00181
      22248.9     0.997089
      22249.0     0.986023
      22249.1     0.981253
      22249.3     0.981363
      22249.4     0.984444
      22249.5      1.00956
      22249.6      1.01941
      22249.7      1.02964
      22249.8      1.01437
      22249.9      1.01710
      22250.1      1.01365
      22250.2      1.00039
      22250.3      1.00053
      22250.4     0.993959
      22250.5     0.984543
      22250.6     0.994544
      22250.7     0.912457
      22250.8     0.991143
      22251.0      1.00424
      22251.1      1.00177
      22251.2     0.994250
      22251.3     0.996919
      22251.4     0.978119
      22251.5     0.974476
      22251.6     0.969052
      22251.8     0.967874
      22251.9     0.966644
      22252.0     0.970565
      22252.1     0.980558
      22252.2      1.00463
      22252.3     0.997491
      22252.4     0.998904
      22252.5      1.00272
      22252.7     0.990563
      22252.8     0.990276
      22252.9     0.976531
      22253.0     0.974691
      22253.1     0.974876
      22253.2     0.982925
      22253.3     0.991772
      22253.5     0.997304
      22253.6     0.998320
      22253.7     0.995395
      22253.8     0.999655
      22253.9     0.993795
      22254.0     0.989585
      22254.1     0.983260
      22254.2     0.974809
      22254.4     0.990179
      22254.5     0.995332
      22254.6     0.995668
      22254.7     0.999977
      22254.8     0.997390
      22254.9      1.00044
      22255.0     0.998361
      22255.2     0.985160
      22255.3     0.977221
      22255.4     0.965345
      22255.5     0.952132
      22255.6     0.941355
      22255.7     0.933241
      22255.8     0.921812
      22255.9     0.909662
      22256.1     0.895522
      22256.2     0.891457
      22256.3     0.897942
      22256.4     0.892172
      22256.5     0.891362
      22256.6     0.908635
      22256.7     0.898393
      22256.9     0.897364
      22257.0     0.903179
      22257.1     0.906910
      22257.2     0.902335
      22257.3     0.903991
      22257.4     0.898792
      22257.5     0.921958
      22257.6     0.924330
      22257.8     0.925711
      22257.9     0.919335
      22258.0     0.925443
      22258.1     0.928305
      22258.2     0.932062
      22258.3     0.936710
      22258.4     0.924090
      22258.6     0.900033
      22258.7     0.893295
      22258.8     0.906496
      22258.9     0.914237
      22259.0     0.916653
      22259.1     0.908040
      22259.2     0.904666
      22259.3     0.914741
      22259.5     0.925594
      22259.6     0.923954
      22259.7     0.916157
      22259.8     0.914129
      22259.9     0.904798
      22260.0     0.905369
      22260.1     0.897358
      22260.3     0.908529
      22260.4     0.927697
      22260.5     0.929282
      22260.6     0.932454
      22260.7     0.931963
      22260.8     0.921987
      22260.9     0.926167
      22261.0     0.934958
      22261.2     0.953497
      22261.3     0.960139
      22261.4     0.974692
      22261.5     0.986949
      22261.6     0.980620
      22261.7     0.980902
      22261.8     0.982791
      22262.0     0.992811
      22262.1     0.984522
      22262.2     0.982987
      22262.3     0.985684
      22262.4     0.976895
      22262.5     0.965526
      22262.6     0.957159
      22262.7     0.961781
      22262.9     0.971422
      22263.0     0.988730
      22263.1     0.981702
      22263.2     0.972161
      22263.3     0.953007
      22263.4     0.961454
      22263.5     0.968522
      22263.6     0.972162
      22263.8     0.972031
      22263.9     0.977514
      22264.0     0.969052
      22264.1     0.960985
      22264.2     0.974104
      22264.3     0.980311
      22264.4     0.997968
      22264.6      1.00187
      22264.7     0.996589
      22264.8     0.982132
      22264.9     0.970765
      22265.0     0.977706
      22265.1     0.991246
      22265.2      1.00652
      22265.3      1.00288
      22265.5      1.00195
      22265.6      1.00147
      22265.7      1.01686
      22265.8      1.00681
      22265.9     0.979747
      22266.0     0.961278
      22266.1     0.957716
      22266.3     0.962185
      22266.4     0.947034
      22266.5     0.936759
      22266.6     0.918545
      22266.7     0.913318
      22266.8     0.915797
      22266.9     0.919227
      22267.0     0.920001
      22267.2     0.925947
      22267.3     0.930039
      22267.4     0.951158
      22267.5     0.972590
      22267.6     0.987490
      22267.7     0.983168
      22267.8     0.973704
      22268.0     0.972543
      22268.1     0.974968
      22268.2     0.971056
      22268.3     0.941899
      22268.4     0.946000
      22268.5     0.938883
      22268.6     0.962967
      22268.7     0.970753
      22268.9     0.953660
      22269.0     0.933628
      22269.1     0.924920
      22269.2     0.929570
      22269.3     0.931490
      22269.4     0.949579
      22269.5     0.970490
      22269.6     0.991175
      22269.8     0.988987
      22269.9     0.978129
      22270.0     0.962283
      22270.1     0.939543
      22270.2     0.916843
      22270.3     0.929979
      22270.4     0.957322
      22270.6     0.971741
      22270.7      1.00001
      22270.8     0.987037
      22270.9     0.992767
      22271.0     0.982854
      22271.1     0.994284
      22271.2     0.985996
      22271.3     0.959985
      22271.5     0.984147
      22271.6     0.981831
      22271.7     0.978187
      22271.8     0.972051
      22271.9     0.964452
      22272.0     0.948306
      22272.1     0.947089
      22272.3     0.936934
      22272.4     0.921002
      22272.5     0.905836
      22272.6     0.903536
      22272.7     0.893257
      22272.8     0.894253
      22272.9     0.898224
      22273.0     0.888561
      22273.2     0.876895
      22273.3     0.857924
      22273.4     0.856982
      22273.5     0.853424
      22273.6     0.866490
      22273.7     0.882479
      22273.8     0.891439
      22273.9     0.889010
      22274.1     0.878149
      22274.2     0.861853
      22274.3     0.858052
      22274.4     0.867939
      22274.5     0.879880
      22274.6     0.888768
      22274.7     0.899280
      22274.9     0.906059
      22275.0     0.901004
      22275.1     0.901494
      22275.2     0.904885
      22275.3     0.915311
      22275.4     0.934429
      22275.5     0.935294
      22275.6     0.943475
      22275.8     0.941128
      22275.9     0.938515
      22276.0     0.923436
      22276.1     0.925619
      22276.2     0.937751
      22276.3     0.944298
      22276.4     0.945301
      22276.5     0.952560
      22276.7     0.960437
      22276.8     0.964513
      22276.9     0.985004
      22277.0     0.985390
      22277.1     0.990142
      22277.2      1.00098
      22277.3     0.993647
      22277.5     0.999936
      22277.6     0.990982
      22277.7     0.988812
      22277.8     0.975105
      22277.9     0.964517
      22278.0     0.959000
      22278.1     0.964508
      22278.2     0.953341
      22278.4     0.957301
      22278.5     0.958990
      22278.6     0.971863
      22278.7     0.984851
      22278.8     0.985653
      22278.9     0.993493
      22279.0      1.00055
      22279.1      1.00273
      22279.3      1.03134
      22279.4     0.995697
      22279.5      1.00076
      22279.6     0.997226
      22279.7     0.987514
      22279.8     0.963123
      22279.9     0.948477
      22280.1     0.949336
      22280.2     0.955589
      22280.3     0.967915
      22280.4     0.985866
      22280.5     0.991356
      22280.6     0.991840
      22280.7     0.983161
      22280.8     0.970657
      22281.0     0.960620
      22281.1     0.952992
      22281.2     0.952607
      22281.3     0.972887
      22281.4     0.974769
      22281.5     0.954669
      22281.6     0.929168
      22281.7     0.913709
      22281.9     0.935050
      22282.0     0.959386
      22282.1     0.968106
      22282.2     0.963121
      22282.3     0.962245
      22282.4     0.987994
      22282.5     0.987558
      22282.7     0.997650
      22282.8     0.991031
      22282.9     0.983119
      22283.0     0.974702
      22283.1     0.976899
      22283.2     0.981473
      22283.3     0.978291
      22283.4     0.949880
      22283.6     0.922178
      22283.7     0.896071
      22283.8     0.910344
      22283.9     0.941646
      22284.0     0.962000
      22284.1     0.967361
      22284.2     0.975767
      22284.3     0.959648
      22284.5     0.939878
      22284.6     0.942112
      22284.7     0.940753
      22284.8     0.954967
      22284.9     0.952458
      22285.0     0.937823
      22285.1     0.962594
      22285.2     0.971946
      22285.4     0.979117
      22285.5     0.982495
      22285.6     0.983817
      22285.7     0.989522
      22285.8     0.978423
      22285.9     0.971588
      22286.0     0.972262
      22286.2     0.989607
      22286.3     0.994404
      22286.4     0.983662
      22286.5     0.973001
      22286.6     0.976224
      22286.7     0.978228
      22286.8     0.980401
      22286.9     0.980194
      22287.1     0.974573
      22287.2     0.985074
      22287.3     0.996059
      22287.4      1.00347
      22287.5      1.00383
      22287.6      1.00203
      22287.7     0.998199
      22287.8     0.991135
      22288.0     0.992737
      22288.1     0.991778
      22288.2     0.978684
      22288.3     0.969134
      22288.4     0.963294
      22288.5     0.980815
      22288.6     0.999666
      22288.7      1.00925
      22288.9      1.00630
      22289.0      1.05828
      22289.1      1.00041
      22289.2     0.996013
      22289.3     0.981226
      22289.4     0.983112
      22289.5     0.977065
      22289.6     0.994453
      22289.8     0.985908
      22289.9     0.997051
      22290.0     0.971665
      22290.1     0.958107
      22290.2     0.939891
      22290.3     0.934162
      22290.4     0.952727
      22290.6     0.978038
      22290.7     0.992851
      22290.8     0.995494
      22290.9     0.987140
      22291.0     0.985438
      22291.1     0.980691
      22291.2     0.979400
      22291.3     0.981778
      22291.5     0.993181
      22291.6     0.987950
      22291.7     0.966011
      22291.8     0.963361
      22291.9     0.963732
      22292.0     0.969387
      22292.1     0.968836
      22292.2     0.960305
      22292.4     0.943887
      22292.5     0.956016
      22292.6     0.971854
      22292.7     0.991530
      22292.8     0.990459
      22292.9     0.980388
      22293.0     0.994247
      22293.1     0.998356
      22293.3      1.00026
      22293.4     0.976298
      22293.5     0.971470
      22293.6     0.972521
      22293.7     0.979128
      22293.8     0.985592
      22293.9     0.987898
      22294.0     0.996918
      22294.2     0.996917
      22294.3     0.988998
      22294.4     0.980621
      22294.5     0.969623
      22294.6     0.955955
      22294.7     0.947534
      22294.8     0.955502
      22294.9     0.969781
      22295.1     0.982305
      22295.2     0.980384
      22295.3     0.992272
      22295.4     0.970178
      22295.5     0.966272
      22295.6     0.959304
      22295.7     0.956345
      22295.9     0.944618
      22296.0     0.938554
      22296.1     0.940460
      22296.2     0.941680
      22296.3     0.952254
      22296.4     0.965497
      22296.5     0.978762
      22296.6     0.985717
      22296.8     0.968929
      22296.9     0.963701
      22297.0     0.961263
      22297.1     0.974553
      22297.2     0.985558
      22297.3     0.988638
      22297.4     0.985284
      22297.5     0.988460
      22297.7     0.985495
      22297.8     0.976980
      22297.9     0.981195
      22298.0     0.966647
      22298.1     0.974546
      22298.2     0.988054
      22298.3     0.984686
      22298.4     0.996575
      22298.6      1.00512
      22298.7     0.999661
      22298.8     0.998464
      22298.9     0.986023
      22299.0     0.973870
      22299.1     0.977822
      22299.2     0.975066
      22299.3     0.969223
      22299.5     0.950238
      22299.6     0.931597
      22299.7     0.941815
      22299.8     0.964498
      22299.9     0.995035
      22300.0     0.995750
      22300.1     0.988121
      22300.2     0.985684
      22300.4     0.992794
      22300.5      1.00803
      22300.6      1.00049
      22300.7     0.996821
      22300.8     0.994973
      22300.9     0.991330
      22301.0     0.994665
      22301.1     0.995096
      22301.3      1.00265
      22301.4      1.00142
      22301.5      1.00306
      22301.6      1.00373
      22301.7     0.976699
      22301.8      1.00970
      22301.9      1.00900
      22302.0      1.01128
      22302.2      1.00483
      22302.3      1.00212
      22302.4     0.997138
      22302.5     0.989031
      22302.6     0.981734
      22302.7     0.981235
      22302.8     0.989939
      22302.9     0.988880
      22303.1     0.985867
      22303.2     0.993045
      22303.3     0.989613
      22303.4     0.990635
      22303.5     0.988413
      22303.6     0.990095
      22303.7     0.976727
      22303.8     0.980326
      22304.0     0.978328
      22304.1     0.969353
      22304.2     0.954056
      22304.3     0.966539
      22304.4     0.981766
      22304.5     0.989998
      22304.6     0.998448
      22304.7     0.996454
      22304.9     0.995992
      22305.0     0.999716
      22305.1     0.990970
      22305.2     0.983456
      22305.3     0.967215
      22305.4     0.964608
      22305.5     0.958562
      22305.6     0.947047
      22305.8     0.962361
      22305.9     0.979655
      22306.0     0.996753
      22306.1      1.00070
      22306.2     0.995095
      22306.3      1.00524
      22306.4     0.988646
      22306.5     0.971324
      22306.7     0.962643
      22306.8     0.966744
      22306.9     0.970852
      22307.0     0.969071
      22307.1     0.979447
      22307.2     0.987207
      22307.3     0.996631
      22307.4     0.982156
      22307.6     0.959592
      22307.7     0.947440
      22307.8     0.953412
      22307.9     0.963968
      22308.0     0.967741
      22308.1     0.964961
      22308.2     0.961436
      22308.3     0.958256
      22308.5     0.953750
      22308.6     0.953214
      22308.7     0.943102
      22308.8     0.948061
      22308.9     0.951329
      22309.0     0.941938
      22309.1     0.943607
      22309.2     0.951139
      22309.4     0.954419
      22309.5     0.953933
      22309.6     0.947462
      22309.7     0.947344
      22309.8     0.943274
      22309.9     0.953964
      22310.0     0.952102
      22310.1     0.958294
      22310.2     0.984099
      22310.4     0.985906
      22310.5     0.964333
      22310.6     0.924742
      22310.7     0.909005
      22310.8     0.912362
      22310.9     0.926121
      22311.0     0.944356
      22311.1     0.945822
      22311.3     0.953722
      22311.4     0.952659
      22311.5     0.946172
      22311.6     0.939020
      22311.7     0.946266
      22311.8     0.945643
      22311.9     0.953257
      22312.0     0.956110
      22312.2     0.949728
      22312.3     0.938875
      22312.4     0.927832
      22312.5     0.928019
      22312.6     0.931007
      22312.7     0.942444
      22312.8      1.16254
      22312.9     0.957960
      22313.1     0.963150
      22313.2     0.970608
      22313.3     0.980916
      22313.4     0.979529
      22313.5     0.986140
      22313.6     0.981776
      22313.7     0.982936
      22313.8     0.974237
      22314.0     0.960550
      22314.1     0.957880
      22314.2     0.953074
      22314.3     0.953572
      22314.4     0.958602
      22314.5     0.963309
      22314.6     0.964264
      22314.7     0.977979
      22314.9     0.983721
      22315.0     0.982902
      22315.1     0.981363
      22315.2     0.980659
      22315.3     0.980637
      22315.4     0.972772
      22315.5     0.981385
      22315.6     0.979656
      22315.7     0.988403
      22315.9     0.979368
      22316.0     0.977915
      22316.1     0.975650
      22316.2     0.978515
      22316.3     0.978253
      22316.4     0.974143
      22316.5     0.967089
      22316.6     0.952221
      22316.8     0.969060
      22316.9     0.966838
      22317.0     0.972889
      22317.1     0.977604
      22317.2     0.990148
      22317.3      1.02068
      22317.4     0.998548
      22317.5     0.975081
      22317.7      1.02279
      22317.8      1.04867
      22317.9      1.04294
      22318.0      1.01254
      22318.1      1.01617
      22318.2      1.00636
      22318.3     0.983606
      22318.4     0.982557
      22318.6     0.999910
      22318.7     0.988608
      22318.8     0.996929
      22318.9     0.990274
      22319.0     0.987519
      22319.1     0.961744
      22319.2     0.945959
      22319.3     0.982293
      22319.4     0.993074
      22319.6     0.982388
      22319.7     0.982481
      22319.8     0.985269
      22319.9     0.998219
      22320.0     0.995446
      22320.1     0.984095
      22320.2     0.983760
      22320.3     0.977957
      22320.5     0.981359
      22320.6     0.985414
      22320.7     0.999818
      22320.8     0.996047
      22320.9     0.981006
      22321.0     0.973280
      22321.1     0.972655
      22321.2     0.981936
      22321.4     0.981407
      22321.5     0.997268
      22321.6     0.996227
      22321.7     0.996835
      22321.8     0.991689
      22321.9     0.999291
      22322.0     0.992098
      22322.1     0.999214
      22322.2     0.994907
      22322.4     0.984904
      22322.5     0.972316
      22322.6     0.966009
      22322.7     0.958114
      22322.8     0.949627
      22322.9     0.955512
      22323.0     0.965409
      22323.1     0.965771
      22323.3     0.953293
      22323.4     0.951425
      22323.5     0.959000
      22323.6     0.973166
      22323.7     0.960458
      22323.8     0.944833
      22323.9     0.938421
      22324.0     0.813094
      22324.1     0.934687
      22324.3     0.960625
      22324.4     0.963168
      22324.5     0.979441
      22324.6     0.980542
      22324.7     0.980530
      22324.8     0.971688
      22324.9     0.976851
      22325.0     0.981157
      22325.2     0.976779
      22325.3     0.983957
      22325.4     0.994066
      22325.5     0.990793
      22325.6     0.999899
      22325.7     0.989322
      22325.8     0.967196
      22325.9     0.966154
      22326.0     0.979960
      22326.2     0.981019
      22326.3     0.989262
      22326.4     0.982705
      22326.5     0.987874
      22326.6     0.984932
      22326.7     0.988142
      22326.8     0.981181
      22326.9     0.974435
      22327.1     0.969691
      22327.2     0.967863
      22327.3     0.972114
      22327.4     0.959323
      22327.5     0.974828
      22327.6     0.960007
      22327.7     0.922166
      22327.8     0.894746
      22327.9     0.883757
      22328.1     0.886848
      22328.2     0.899421
      22328.3     0.924893
      22328.4     0.966917
      22328.5     0.865619
      22328.6     0.999758
      22328.7      1.00418
      22328.8     0.991387
      22329.0     0.985999
      22329.1     0.993060
      22329.2     0.989108
      22329.3     0.975762
      22329.4     0.971042
      22329.5     0.981002
      22329.6     0.981349
      22329.7     0.941284
      22329.8     0.990406
      22330.0     0.990030
      22330.1     0.985422
      22330.2     0.986948
      22330.3     0.980402
      22330.4     0.991449
      22330.5      1.00347
      22330.6      1.02141
      22330.7      1.00751
      22330.9     0.981541
      22331.0      1.00414
      22331.1      1.00597
      22331.2     0.983621
      22331.3     0.960276
      22331.4     0.937553
      22331.5     0.937287
      22331.6     0.935924
      22331.7     0.940534
      22331.9     0.951418
      22332.0     0.964150
      22332.1     0.961338
      22332.2     0.954848
      22332.3     0.939897
      22332.4     0.947158
      22332.5     0.958851
      22332.6     0.971821
      22332.8     0.982047
      22332.9     0.982070
      22333.0     0.966763
      22333.1     0.953254
      22333.2     0.951263
      22333.3     0.964005
      22333.4     0.978874
      22333.5     0.977988
      22333.6     0.973264
      22333.8     0.975084
      22333.9     0.957820
      22334.0     0.955249
      22334.1     0.962108
      22334.2     0.958894
      22334.3     0.970408
      22334.4     0.971780
      22334.5     0.976403
      22334.6     0.973240
      22334.8     0.974264
      22334.9     0.983760
      22335.0     0.996687
      22335.1     0.830691
      22335.2     0.978893
      22335.3     0.957672
